0 0.74666 0.35818 0.05023 0.08234
0 0.28579 0.80122 0.10620 0.12456
0 0.70500 0.81604 0.10070 0.13818
0 0.15225 0.69311 0.10127 0.11523
0 0.51478 0.33412 0.05988 0.07393
0 0.17682 0.93588 0.12214 0.12363
0 0.69949 0.60934 0.07622 0.11199
0 0.41126 0.35480 0.05609 0.07292
0 0.32114 0.43324 0.06162 0.09298
0 0.53787 0.66394 0.09171 0.11515
0 0.21877 0.54677 0.08499 0.09184
0 0.64169 0.48231 0.07429 0.09731
0 0.23235 0.37672 0.07329 0.06822
0 0.33982 0.63419 0.06816 0.12036
0 0.48895 0.79489 0.09282 0.14367
0 0.52134 0.19618 0.04797 0.05824
0 0.27943 0.20497 0.06280 0.05640
0 0.63937 0.14681 0.04625 0.05523
0 0.27449 0.29960 0.05455 0.08218
0 0.36481 0.25571 0.06304 0.05770
0 0.63506 0.29140 0.05433 0.07436
0 0.36371 0.10188 0.05046 0.04326
0 0.61504 0.09724 0.04721 0.04284
0 0.35897 0.17449 0.04707 0.06076
0 0.46410 0.13508 0.05022 0.04983
0 0.41063 0.04624 0.04246 0.04354
0 0.46878 0.07232 0.04097 0.04472
0 0.50922 0.02880 0.04299 0.05600
0 0.65814 0.25567 0.05365 0.06389
