0  0.25191  0.36417999999999995  0.05047999999999997  0.08334999999999998
0  0.29395  0.8305799999999999  0.10133000000000003  0.14064
0  0.7173399999999999  0.81587  0.10765999999999998  0.12668999999999997
0  0.85121  0.70541  0.10292000000000001  0.11658999999999997
0  0.51168  0.8093000000000001  0.09413000000000005  0.14542
0  0.48563  0.34059  0.060550000000000104  0.07533000000000001
0  0.46267  0.6760300000000001  0.0924799999999999  0.11685000000000001
0  0.29951000000000005  0.62  0.07671000000000006  0.11351
0  0.68048  0.44139  0.061980000000000035  0.09428999999999998
0  0.82786  0.944  0.1238800000000001  0.10765999999999998
0  0.5896899999999999  0.36139  0.056640000000000024  0.07447999999999999
0  0.66242  0.6454199999999999  0.06896999999999998  0.12261
0  0.78451  0.5565  0.08573999999999993  0.09282999999999997
0  0.35761  0.49039  0.07494  0.09854000000000002
0  0.47902999999999996  0.20081  0.048270000000000035  0.058880000000000016
0  0.72238  0.20985  0.06342999999999988  0.05596000000000001
0  0.3601299999999999  0.15068  0.046150000000000024  0.05535000000000001
0  0.6367700000000001  0.26075  0.06298000000000004  0.058270000000000016
0  0.7276400000000001  0.30551  0.05501999999999996  0.08304
0  0.36458000000000007  0.2968700000000001  0.05471999999999999  0.07427
0  0.77012  0.38344  0.07418999999999998  0.06829000000000002
0  0.38483999999999996  0.10088  0.04810000000000003  0.04422999999999999
0  0.64222  0.17881999999999998  0.04743999999999993  0.06153
0  0.63734  0.10539000000000001  0.05086999999999997  0.04329000000000001
0  0.53639  0.13879  0.050610000000000044  0.05012
0  0.34124  0.26033  0.05401999999999996  0.06474000000000002
0  0.5902000000000001  0.04936  0.04255999999999993  0.04413999999999999
0  0.49089000000000005  0.03029  0.04333000000000009  0.05947
0  0.53159  0.07549  0.04106999999999994  0.04488999999999999
