0 0.54697 0.68670 0.08931 0.12607
0 0.17461 0.79834 0.09357 0.12357
0 0.17455 0.63905 0.07631 0.11315
0 0.68161 0.81942 0.07977 0.16145
0 0.67876 0.34932 0.05763 0.07796
0 0.35553 0.63715 0.07598 0.11690
0 0.55468 0.38087 0.06999 0.07845
0 0.63447 0.27166 0.05815 0.07031
0 0.52016 0.45532 0.06877 0.09589
0 0.64125 0.59852 0.08736 0.10036
0 0.29219 0.54262 0.09026 0.09221
0 0.68079 0.46831 0.07337 0.09289
0 0.25906 0.40131 0.07592 0.08144
0 0.40146 0.36472 0.05172 0.08103
0 0.30263 0.31321 0.06656 0.06544
0 0.72007 0.19224 0.04057 0.06230
0 0.03106 0.70029 0.06179 0.12075
0 0.36692 0.46153 0.07935 0.08287
0 0.76296 0.65412 0.08485 0.11141
0 0.53164 0.17584 0.04794 0.05659
0 0.37858 0.24140 0.04857 0.06877
0 0.44794 0.18973 0.04521 0.05555
0 0.02795 0.95027 0.05559 0.09606
0 0.30267 0.20470 0.05875 0.05226
0 0.33140 0.08746 0.05274 0.04476
0 0.53443 0.08027 0.04005 0.04593
0 0.48452 0.03544 0.04264 0.04053
0 0.63369 0.04510 0.03914 0.04531
0 0.40525 0.12251 0.05212 0.04527
0 0.62958 0.14696 0.04430 0.05708
0 0.39697 0.06461 0.04080 0.04970
0 0.33235 0.15034 0.04390 0.05730
0 0.39720 0.01472 0.04357 0.02939
