0 0.53951 0.82737 0.09962 0.14730
0 0.77950 0.78557 0.09469 0.12998
0 0.12833 0.76641 0.08520 0.13114
0 0.54980 0.45797 0.07583 0.08871
0 0.68479 0.41980 0.06301 0.08748
0 0.63630 0.32936 0.06272 0.07692
0 0.27878 0.37822 0.07145 0.07251
0 0.68787 0.56113 0.08095 0.10496
0 0.32790 0.76676 0.08511 0.13502
0 0.51158 0.54666 0.07547 0.10904
0 0.64403 0.71855 0.09669 0.11539
0 0.72778 0.23803 0.04303 0.06756
0 0.38397 0.43858 0.05608 0.09148
0 0.22869 0.48148 0.08307 0.09030
0 0.34447 0.55401 0.08731 0.09416
0 0.52645 0.22036 0.05093 0.06127
0 0.36200 0.29521 0.05183 0.07521
0 0.26083 0.65110 0.09830 0.10555
0 0.43688 0.23611 0.04834 0.06060
0 0.68849 0.94689 0.08792 0.10294
0 0.12106 0.94415 0.10274 0.10797
0 0.31535 0.12143 0.05579 0.04800
0 0.28174 0.25353 0.06332 0.05654
0 0.53015 0.11297 0.04235 0.05122
0 0.31516 0.19349 0.04713 0.06552
0 0.63526 0.07326 0.04149 0.04805
0 0.47790 0.06374 0.04540 0.04294
0 0.39278 0.16023 0.05558 0.04877
0 0.38671 0.03772 0.04639 0.03784
0 0.63091 0.18728 0.04725 0.06210
0 0.38522 0.09584 0.04243 0.05233
0 0.65152 0.15923 0.04600 0.05376
0 0.61313 0.03367 0.04242 0.03959
