0  0.46048999999999995  0.82737  0.09962000000000004  0.1473
0  0.22049999999999997  0.78557  0.09469000000000005  0.12997999999999998
0  0.87167  0.76641  0.08520000000000005  0.13114000000000003
0  0.4502000000000001  0.45797  0.07582999999999995  0.08871000000000001
0  0.31521  0.4198  0.06301000000000001  0.08748
0  0.36369999999999997  0.32936  0.06272  0.07691999999999999
0  0.72122  0.37822  0.07145000000000001  0.07251000000000002
0  0.3121300000000001  0.56113  0.08094999999999997  0.10495999999999994
0  0.6721  0.7667600000000001  0.08511000000000002  0.13502000000000003
0  0.48841999999999997  0.54666  0.07546999999999993  0.10904000000000003
0  0.35597  0.71855  0.09668999999999994  0.11538999999999999
0  0.27221999999999996  0.23803  0.04303000000000001  0.06756000000000001
0  0.6160300000000001  0.43858  0.05608000000000002  0.09148
0  0.7713099999999999  0.48148  0.08307000000000009  0.09030000000000005
0  0.65553  0.55401  0.08731  0.09416000000000002
0  0.47354999999999997  0.22036  0.05093000000000003  0.06127000000000002
0  0.638  0.29521  0.05183000000000004  0.07521
0  0.73917  0.6511  0.09830000000000005  0.10555000000000003
0  0.5631200000000001  0.23611  0.04834000000000005  0.06059999999999999
0  0.31150999999999995  0.94689  0.08792  0.10294000000000003
0  0.87894  0.94415  0.10273999999999994  0.10797000000000001
0  0.68465  0.12143  0.055790000000000006  0.048000000000000015
0  0.7182600000000001  0.25353  0.06331999999999993  0.05654000000000001
0  0.46985000000000005  0.11296999999999999  0.04235  0.05121999999999999
0  0.68484  0.19349  0.047129999999999894  0.06552
0  0.36473999999999995  0.07326  0.04149000000000003  0.04805000000000001
0  0.5221  0.06374  0.045399999999999996  0.042940000000000006
0  0.6072199999999999  0.16023000000000004  0.055580000000000074  0.04877000000000001
0  0.61329  0.03772  0.04638999999999993  0.03784
0  0.36909000000000003  0.18728  0.047250000000000014  0.062100000000000016
0  0.6147799999999999  0.09583999999999998  0.04243000000000008  0.05233
0  0.34848  0.15923000000000004  0.04600000000000004  0.05376
0  0.38687  0.03367  0.04242000000000001  0.03959
