0  0.81114  0.75455  0.09051000000000009  0.11838000000000004
0  0.4507  0.6484  0.08623000000000003  0.12121000000000004
0  0.81264  0.60453  0.07421  0.10897999999999997
0  0.24159000000000003  0.6181300000000001  0.08192999999999995  0.10665000000000002
0  0.73257  0.3787400000000001  0.07425999999999999  0.07812000000000002
0  0.32017999999999996  0.7731600000000001  0.07720000000000005  0.15335
0  0.32272  0.32913000000000003  0.056440000000000046  0.07583000000000001
0  0.36593  0.25501  0.05688000000000004  0.06811999999999999
0  0.96078  0.66245  0.07774999999999999  0.11550000000000005
0  0.3594699999999999  0.56568  0.08435000000000004  0.09621999999999997
0  0.6369199999999999  0.60213  0.07351000000000008  0.11248999999999998
0  0.28193999999999997  0.17895  0.03978999999999999  0.061439999999999995
0  0.4771999999999999  0.43  0.06683000000000006  0.09228999999999998
0  0.9617199999999999  0.92388  0.07606999999999997  0.14832
0  0.32067000000000007  0.44229  0.07199999999999995  0.08997
0  0.44389  0.35932  0.06864000000000003  0.07600999999999997
0  0.59355  0.34381000000000006  0.050450000000000106  0.07863000000000003
0  0.69896  0.51323  0.08773000000000009  0.08888000000000001
0  0.69035  0.29507  0.06464999999999987  0.06396000000000002
0  0.62677  0.43621  0.07762999999999998  0.07957999999999998
0  0.46730000000000005  0.16296  0.04735  0.05496000000000001
0  0.61677  0.22593000000000002  0.04761000000000004  0.06611000000000003
0  0.5488999999999999  0.17615999999999998  0.04430999999999996  0.05426
0  0.46440000000000003  0.0704  0.039309999999999956  0.044890000000000006
0  0.69157  0.19095  0.057679999999999954  0.051210000000000006
0  0.66431  0.07774  0.05164000000000002  0.044009999999999994
0  0.36704000000000003  0.03618  0.038510000000000044  0.04435
0  0.6624099999999999  0.13812  0.04298000000000002  0.055510000000000004
0  0.51371  0.02738  0.042340000000000044  0.039220000000000005
0  0.37099999999999994  0.13375  0.04300000000000004  0.05719999999999999
0  0.5996900000000001  0.055260000000000004  0.03971000000000002  0.048290000000000007
0  0.59146  0.11168  0.0517399999999999  0.04385
