0 0.70207 0.77329 0.09692 0.13254
0 0.16496 0.65809 0.09737 0.11109
0 0.74380 0.33999 0.04921 0.08025
0 0.32803 0.41133 0.06019 0.09035
0 0.51684 0.31693 0.05874 0.07168
0 0.29564 0.75999 0.10301 0.12035
0 0.49302 0.75339 0.08990 0.13816
0 0.19142 0.89502 0.11795 0.13700
0 0.69686 0.57836 0.07350 0.10818
0 0.54011 0.63017 0.08864 0.11031
0 0.24054 0.35724 0.07178 0.06638
0 0.64114 0.45776 0.07220 0.09383
0 0.22876 0.51944 0.08285 0.08826
0 0.41573 0.33649 0.05449 0.07118
0 0.34722 0.60235 0.06585 0.11596
0 0.28546 0.19280 0.06172 0.05508
0 0.65017 0.96029 0.11672 0.07627
0 0.52304 0.18427 0.04679 0.05679
0 0.36932 0.24125 0.06168 0.05570
0 0.63894 0.13668 0.04547 0.05483
0 0.28142 0.28326 0.05327 0.07811
0 0.63431 0.27593 0.05286 0.07162
0 0.61485 0.08864 0.04635 0.04347
0 0.36747 0.09316 0.04989 0.04216
0 0.65721 0.24125 0.05221 0.06255
0 0.36331 0.16315 0.04650 0.05948
0 0.46635 0.12501 0.04911 0.04869
0 0.47102 0.06400 0.03975 0.04385
0 0.41356 0.03931 0.04169 0.04286
0 0.51105 0.02521 0.04239 0.04846
