0 0.76801 0.69148 0.08797 0.11621
0 0.54509 0.72698 0.09196 0.13227
0 0.16175 0.67601 0.07881 0.11804
0 0.68464 0.86789 0.08286 0.16950
0 0.68089 0.36984 0.05940 0.08043
0 0.15985 0.84549 0.09591 0.13040
0 0.55341 0.40317 0.07182 0.08141
0 0.64223 0.63308 0.08960 0.10433
0 0.72253 0.20564 0.04104 0.06336
0 0.63503 0.28899 0.05943 0.07188
0 0.34800 0.67450 0.07851 0.12259
0 0.29591 0.33284 0.06753 0.06740
0 0.25032 0.42491 0.07748 0.08410
0 0.68320 0.49529 0.07614 0.09642
0 0.37376 0.25746 0.04954 0.07006
0 0.51794 0.48226 0.07056 0.09889
0 0.28333 0.57397 0.09299 0.09633
0 0.39643 0.38623 0.05273 0.08437
0 0.53013 0.18924 0.04900 0.05812
0 0.44481 0.20405 0.04638 0.05755
0 0.36072 0.48881 0.08206 0.08623
0 0.32664 0.09842 0.05357 0.04537
0 0.29653 0.21975 0.06034 0.05350
0 0.02263 0.74310 0.04496 0.11847
0 0.53346 0.08991 0.04063 0.04856
0 0.32736 0.16372 0.04532 0.05883
0 0.63436 0.05315 0.04027 0.04556
0 0.48248 0.04461 0.04351 0.04066
0 0.63028 0.15888 0.04510 0.05871
0 0.40182 0.13472 0.05286 0.04643
0 0.39406 0.01990 0.04512 0.03606
0 0.64980 0.13355 0.04394 0.05169
0 0.61296 0.01777 0.04110 0.03532
0 0.39351 0.07450 0.04086 0.05041
