0 0.69900 0.72982 0.09370 0.12563
0 0.17815 0.62166 0.09596 0.10662
0 0.74046 0.31944 0.04771 0.07739
0 0.30569 0.71773 0.10008 0.11485
0 0.20551 0.84447 0.11450 0.13001
0 0.49656 0.71075 0.08687 0.13178
0 0.33465 0.38828 0.05838 0.08775
0 0.51865 0.29757 0.05733 0.06983
0 0.64880 0.93284 0.11377 0.12974
0 0.54186 0.59481 0.08642 0.10529
0 0.64000 0.43199 0.07028 0.09032
0 0.69438 0.54612 0.07171 0.10410
0 0.23861 0.49105 0.08019 0.08497
0 0.35445 0.56882 0.06410 0.11135
0 0.41995 0.31641 0.05395 0.06921
0 0.24857 0.33652 0.06987 0.06405
0 0.29097 0.17866 0.06078 0.05368
0 0.04792 0.95729 0.09481 0.08216
0 0.63808 0.12413 0.04456 0.05248
0 0.80748 0.97270 0.09426 0.05145
0 0.28779 0.26548 0.05202 0.07682
0 0.37383 0.22551 0.06042 0.05439
0 0.27723 0.95867 0.09546 0.07927
0 0.52436 0.16990 0.04568 0.05486
0 0.63369 0.25870 0.05183 0.06927
0 0.37098 0.08193 0.04919 0.04087
0 0.61440 0.07800 0.04546 0.04285
0 0.36767 0.14965 0.04561 0.05860
0 0.46852 0.11313 0.04847 0.04726
0 0.65597 0.22529 0.05116 0.06128
0 0.47262 0.05382 0.03901 0.04262
0 0.41585 0.02987 0.04116 0.04156
