0 0.54657 0.69959 0.09009 0.12841
0 0.76500 0.66586 0.08639 0.11304
0 0.17061 0.65112 0.07736 0.11538
0 0.17011 0.81347 0.09412 0.12605
0 0.68296 0.83441 0.08118 0.16291
0 0.35320 0.64909 0.07707 0.11915
0 0.67943 0.35579 0.05772 0.07849
0 0.51958 0.46388 0.06942 0.09675
0 0.64168 0.60956 0.08805 0.10175
0 0.40000 0.37143 0.05178 0.08182
0 0.63471 0.27715 0.05838 0.07090
0 0.55445 0.38806 0.07043 0.07940
0 0.68170 0.47685 0.07415 0.09409
0 0.28952 0.55262 0.09114 0.09400
0 0.30071 0.31937 0.06660 0.06618
0 0.72094 0.19662 0.04081 0.06282
0 0.53139 0.18006 0.04822 0.05673
0 0.36500 0.47019 0.08020 0.08353
0 0.37694 0.24633 0.04918 0.06887
0 0.44691 0.19419 0.04556 0.05620
0 0.02834 0.71361 0.05636 0.12123
0 0.25623 0.40857 0.07663 0.08188
0 0.32993 0.09087 0.05262 0.04498
0 0.30068 0.20941 0.05952 0.05233
0 0.53416 0.08339 0.04021 0.04666
0 0.63389 0.04778 0.03968 0.04539
0 0.40395 0.12626 0.05278 0.04588
0 0.48384 0.03841 0.04317 0.04056
0 0.33097 0.15408 0.04423 0.05715
0 0.62968 0.15065 0.04430 0.05752
0 0.64942 0.12523 0.04333 0.05055
0 0.39601 0.01625 0.04430 0.03241
0 0.61290 0.01467 0.04047 0.02961
0 0.39605 0.06784 0.04061 0.04872
