0 0.26995 0.37150 0.07327 0.07823
0 0.19325 0.74066 0.08960 0.11672
0 0.75690 0.60668 0.08160 0.10489
0 0.19142 0.59323 0.07343 0.10734
0 0.54980 0.63627 0.08544 0.11921
0 0.67869 0.75825 0.07624 0.15045
0 0.04188 0.65027 0.08261 0.11364
0 0.37532 0.42799 0.07633 0.07969
0 0.67668 0.32244 0.05589 0.07451
0 0.71735 0.17446 0.03942 0.05989
0 0.36555 0.59044 0.07261 0.11026
0 0.67865 0.43403 0.07113 0.08871
0 0.63383 0.24931 0.05610 0.06761
0 0.04145 0.90835 0.08189 0.15179
0 0.63993 0.55520 0.08379 0.09487
0 0.55645 0.35224 0.06777 0.07552
0 0.31193 0.28930 0.06405 0.06322
0 0.52326 0.42189 0.06636 0.09191
0 0.30351 0.50342 0.08653 0.08753
0 0.40813 0.33693 0.05025 0.07750
0 0.38472 0.22115 0.04715 0.06598
0 0.53330 0.15862 0.04687 0.05422
0 0.45207 0.17179 0.04433 0.05340
0 0.31036 0.18665 0.05777 0.05074
0 0.53606 0.06742 0.03914 0.04479
0 0.33732 0.07432 0.05134 0.04415
0 0.40989 0.10818 0.05124 0.04394
0 0.33887 0.13417 0.04279 0.05395
0 0.63300 0.03329 0.03835 0.04466
0 0.48695 0.02480 0.04221 0.03820
0 0.40143 0.05235 0.03960 0.04806
