0 0.70840 0.86104 0.10373 0.14347
0 0.75033 0.37679 0.05178 0.08511
0 0.13970 0.73053 0.10509 0.11896
0 0.53609 0.69981 0.09434 0.11973
0 0.27580 0.84572 0.10951 0.13063
0 0.48528 0.83873 0.09579 0.15048
0 0.33237 0.66838 0.07004 0.12632
0 0.51331 0.35263 0.06134 0.07639
0 0.70219 0.64131 0.07791 0.11614
0 0.40742 0.37421 0.05715 0.07612
0 0.20881 0.57603 0.08692 0.09437
0 0.22432 0.39728 0.07544 0.07008
0 0.64311 0.50768 0.07626 0.10104
0 0.31461 0.45632 0.06327 0.09674
0 0.27370 0.21871 0.06397 0.05779
0 0.52009 0.20891 0.04875 0.05996
0 0.16329 0.96103 0.12009 0.07404
0 0.64035 0.15789 0.04722 0.05666
0 0.26805 0.31706 0.05635 0.08532
0 0.36032 0.27113 0.06456 0.05910
0 0.63603 0.30783 0.05589 0.07556
0 0.35996 0.11217 0.05128 0.04443
0 0.35507 0.18687 0.04806 0.06169
0 0.46195 0.14614 0.05172 0.05062
0 0.40803 0.05464 0.04295 0.04370
0 0.46677 0.08141 0.04150 0.04505
0 0.50825 0.03275 0.04338 0.06393
0 0.61550 0.10699 0.04798 0.04507
0 0.65936 0.26974 0.05492 0.06519
0 0.67006 0.01401 0.05728 0.02780
0 0.43676 0.01735 0.03700 0.03465
