0 0.73793 0.30608 0.04705 0.07575
0 0.18607 0.59887 0.09369 0.10430
0 0.64759 0.90223 0.11087 0.13850
0 0.49851 0.68356 0.08517 0.12745
0 0.69616 0.70142 0.09105 0.12267
0 0.31150 0.69072 0.09798 0.11055
0 0.33857 0.37306 0.05795 0.08509
0 0.21413 0.81210 0.11216 0.12450
0 0.51919 0.28534 0.05648 0.06852
0 0.63888 0.41563 0.06933 0.08818
0 0.54276 0.57238 0.08451 0.10314
0 0.80110 0.95330 0.10341 0.08973
0 0.69241 0.52532 0.07080 0.10070
0 0.42193 0.30325 0.05305 0.06781
0 0.05867 0.93893 0.09940 0.11849
0 0.25345 0.32323 0.06878 0.06258
0 0.35896 0.54715 0.06271 0.10755
0 0.28616 0.94010 0.09801 0.11564
0 0.52458 0.16097 0.04529 0.05472
0 0.29432 0.16969 0.05964 0.05228
0 0.51940 0.97704 0.08811 0.04259
0 0.37610 0.21479 0.05978 0.05325
0 0.29150 0.25431 0.05138 0.07491
0 0.63259 0.24679 0.05083 0.06870
0 0.36968 0.14180 0.04501 0.05750
0 0.24458 0.47269 0.07937 0.08329
0 0.37313 0.07525 0.04843 0.04092
0 0.61333 0.07124 0.04493 0.04256
0 0.46939 0.10531 0.04807 0.04686
0 0.65471 0.21433 0.05002 0.05948
0 0.47343 0.04754 0.03871 0.04185
0 0.41697 0.02378 0.04074 0.04091
0 0.63705 0.11603 0.04380 0.05235
