0  0.20629999999999998  0.91082  0.10428000000000004  0.14819000000000004
0  0.7981900000000001  0.55365  0.08970999999999996  0.0998
0  0.69872  0.8874  0.09316999999999998  0.15188999999999997
0  0.26598999999999995  0.28121  0.04525000000000001  0.07232000000000002
0  0.3624800000000001  0.38343000000000005  0.06657999999999997  0.0842
0  0.9157  0.8840399999999999  0.09384999999999999  0.14757999999999993
0  0.76861  0.75072  0.10671000000000008  0.11843999999999999
0  0.30729999999999996  0.6483300000000001  0.08740000000000003  0.11607
0  0.35436999999999996  0.83192  0.10590999999999995  0.12944999999999995
0  0.31081  0.48573  0.06761000000000006  0.09576000000000001
0  0.6531100000000001  0.34306000000000003  0.05610999999999999  0.08139000000000002
0  0.47812000000000004  0.26067  0.05435000000000001  0.06605000000000003
0  0.49683999999999995  0.63171  0.08150999999999997  0.12041000000000002
0  0.46918000000000004  0.93777  0.1075600000000001  0.12017
0  0.45503  0.52903  0.08157000000000003  0.09716999999999998
0  0.67673  0.63829  0.09397  0.10431000000000001
0  0.57259  0.27796  0.05120999999999998  0.06474000000000002
0  0.7362799999999999  0.29635999999999996  0.06701000000000001  0.05997999999999998
0  0.69791  0.15097  0.05813999999999997  0.05098
0  0.4733899999999999  0.14254  0.043950000000000045  0.053860000000000005
0  0.7001200000000001  0.23124  0.04991000000000001  0.07238
0  0.6178600000000001  0.19402  0.05837000000000003  0.051580000000000015
0  0.36372000000000004  0.10048999999999998  0.043139999999999956  0.051079999999999987
0  0.74305  0.4363  0.07584999999999997  0.07937
0  0.38666  0.0571  0.04420000000000002  0.04102
0  0.52745  0.08962  0.047150000000000025  0.04532
0  0.62212  0.06066  0.047619999999999996  0.03951
0  0.6248199999999999  0.12407  0.044070000000000054  0.05584999999999998
0  0.36817999999999995  0.22432000000000002  0.04954999999999998  0.06750000000000003
0  0.52401  0.03421  0.03845999999999994  0.04116
0  0.3464899999999999  0.19354  0.04808000000000001  0.057510000000000006
0  0.6322400000000001  0.50602  0.060269999999999935  0.10115999999999997
0  0.5791999999999999  0.01583  0.03993000000000002  0.03159
