0  0.77739  0.65045  0.08404  0.10597999999999996
0  0.92143  0.79564  0.08796999999999999  0.13473000000000002
0  0.25246999999999997  0.53316  0.07572000000000001  0.09545000000000003
0  0.44608  0.55814  0.07967000000000002  0.10819000000000001
0  0.92442  0.5719799999999999  0.08245000000000002  0.10385999999999995
0  0.67816  0.44200000000000006  0.0815300000000001  0.08083000000000001
0  0.71163  0.32451  0.06990000000000007  0.07269000000000003
0  0.32508000000000004  0.38021  0.06718000000000002  0.08223999999999998
0  0.32555  0.66415  0.07082999999999995  0.13415
0  0.6117  0.37481  0.07241999999999993  0.07241999999999998
0  0.29033  0.93291  0.09111000000000002  0.13044999999999995
0  0.78212  0.52142  0.06851000000000007  0.09826000000000001
0  0.61846  0.51821  0.06782999999999995  0.10101999999999994
0  0.3267900000000001  0.28054  0.05298999999999998  0.06949000000000002
0  0.36739000000000005  0.2143  0.053529999999999966  0.06388000000000002
0  0.28709  0.14579  0.037329999999999974  0.05723
0  0.36167000000000005  0.4877  0.07794999999999996  0.08671000000000001
0  0.44078999999999996  0.30703  0.06408000000000003  0.07016
0  0.73086  0.95268  0.08687  0.09119
0  0.47169000000000005  0.3691  0.06227000000000005  0.08423999999999998
0  0.67381  0.25009  0.06089000000000011  0.05918999999999999
0  0.93818  0.96901  0.11202000000000001  0.059109999999999996
0  0.58203  0.29364  0.04676999999999998  0.07143
0  0.60491  0.18777  0.044850000000000056  0.06223000000000001
0  0.5414000000000001  0.14318  0.04250999999999994  0.05141000000000001
0  0.4633199999999999  0.13058000000000003  0.04513  0.051940000000000014
0  0.67682  0.15648  0.05506000000000011  0.048100000000000004
0  0.6530400000000001  0.05269  0.049960000000000004  0.04152999999999999
0  0.4615200000000001  0.04645  0.03739999999999999  0.042260000000000006
0  0.6503  0.10825  0.041120000000000045  0.05235999999999999
0  0.58247  0.08395  0.048740000000000006  0.043449999999999996
0  0.3679  0.01807  0.037309999999999954  0.03607
0  0.5912299999999999  0.03227  0.03826000000000007  0.04568
