0  0.32265000000000005  0.72022  0.07416999999999996  0.14322999999999997
0  0.79494  0.70376  0.08716999999999997  0.11197999999999997
0  0.44843000000000005  0.60477  0.08304999999999996  0.11512
0  0.94718  0.86227  0.09196000000000004  0.14473000000000003
0  0.72247  0.35245000000000004  0.07206999999999997  0.0761
0  0.32244999999999996  0.41254  0.06947000000000003  0.08590999999999999
0  0.24645  0.57708  0.07918999999999998  0.10128999999999999
0  0.6195600000000001  0.40642  0.07503000000000004  0.07647999999999999
0  0.79777  0.5643  0.07138  0.10375999999999996
0  0.9460999999999999  0.61861  0.08513000000000004  0.10891000000000006
0  0.36656  0.23546  0.055239999999999956  0.06550999999999998
0  0.32428999999999997  0.30564  0.054869999999999974  0.07251000000000002
0  0.2843  0.1629  0.03854000000000002  0.05927000000000002
0  0.62802  0.5615  0.07025999999999999  0.10640000000000005
0  0.4424200000000001  0.3346199999999999  0.06650999999999996  0.07395999999999997
0  0.47457000000000005  0.40048000000000006  0.06447000000000003  0.08866000000000002
0  0.36050999999999994  0.5276  0.08164000000000005  0.09112000000000003
0  0.68921  0.4789  0.08457000000000003  0.08516999999999997
0  0.6825600000000001  0.27353  0.06269000000000002  0.06164999999999998
0  0.5877600000000001  0.3197  0.04856000000000005  0.07532
0  0.46525  0.14786  0.045950000000000046  0.05320999999999999
0  0.61136  0.20774  0.04693999999999998  0.06436999999999998
0  0.54536  0.16058  0.043139999999999956  0.05299999999999999
0  0.6589100000000001  0.06564  0.050490000000000035  0.04285
0  0.2857300000000001  0.9718  0.07616999999999996  0.05310999999999999
0  0.4629799999999999  0.05897  0.03869  0.04340999999999999
0  0.68474  0.17465999999999998  0.057029999999999914  0.04929999999999998
0  0.58717  0.09836999999999999  0.04997000000000007  0.04268999999999999
0  0.37125  0.12048000000000002  0.04210999999999998  0.05494000000000002
0  0.65684  0.12371999999999998  0.04200000000000004  0.05296999999999999
0  0.59562  0.04445  0.03905000000000003  0.0469
0  0.36761  0.025500000000000002  0.03815999999999997  0.04353
0  0.5116  0.01855  0.04135  0.03621
