0 0.70754 0.91582 0.08892 0.16432
0 0.09051 0.76653 0.08552 0.13135
0 0.55508 0.53799 0.07811 0.10514
0 0.23020 0.62683 0.08212 0.10239
0 0.74507 0.51378 0.07402 0.09286
0 0.67328 0.63940 0.06900 0.12991
0 0.08511 0.55168 0.08043 0.10162
0 0.67378 0.36635 0.06625 0.08002
0 0.29262 0.31209 0.06837 0.07097
0 0.07997 0.95062 0.11908 0.09513
0 0.27787 0.93487 0.08567 0.12675
0 0.22476 0.50267 0.06717 0.09541
0 0.32655 0.42574 0.07998 0.07922
0 0.67232 0.26929 0.05216 0.06796
0 0.52967 0.35475 0.06150 0.08326
0 0.39214 0.36076 0.07138 0.07121
0 0.63211 0.20480 0.05229 0.06228
0 0.55981 0.29553 0.06335 0.06942
0 0.38557 0.49945 0.06631 0.09907
0 0.71170 0.13804 0.03692 0.05703
0 0.42092 0.28216 0.04598 0.07023
0 0.32993 0.23989 0.06020 0.05812
0 0.46043 0.13529 0.04147 0.05050
0 0.63787 0.46990 0.07664 0.08470
0 0.53724 0.12319 0.04466 0.05060
0 0.39742 0.17965 0.04416 0.06115
0 0.34989 0.04723 0.04913 0.04171
0 0.32624 0.14869 0.05415 0.04688
0 0.53919 0.04081 0.03721 0.04200
0 0.35270 0.10177 0.04063 0.05157
0 0.63196 0.01538 0.03674 0.03074
0 0.41074 0.02670 0.03812 0.04488
0 0.41941 0.07764 0.04861 0.04135
