0  0.2289099999999999  0.716  0.08960000000000001  0.11987999999999999
0  0.45661999999999997  0.7533000000000001  0.09399999999999997  0.13627
0  0.85031  0.87694  0.09824999999999995  0.13483
0  0.84735  0.7  0.08067000000000002  0.12175999999999998
0  0.31836  0.38245000000000007  0.060189999999999966  0.08178000000000002
0  0.31389000000000006  0.9000699999999999  0.08497999999999994  0.17535
0  0.65769  0.69873  0.08020999999999989  0.12517
0  0.2762  0.21377  0.04157999999999995  0.06424000000000002
0  0.35714999999999997  0.6556599999999999  0.09138000000000002  0.10772999999999999
0  0.6069899999999999  0.39988  0.05393999999999999  0.08632000000000001
0  0.7553799999999999  0.43961  0.07945000000000002  0.08538999999999997
0  0.70899  0.34451999999999994  0.06879999999999997  0.06907999999999997
0  0.31565  0.51209  0.07757999999999998  0.09919999999999995
0  0.7228  0.5942100000000001  0.09447000000000005  0.09835000000000005
0  0.48407  0.49871  0.07206000000000001  0.10185
0  0.36464  0.2993  0.06011  0.07343
0  0.6294500000000001  0.26715  0.050289999999999946  0.07152000000000003
0  0.4711999999999999  0.19691  0.04968000000000006  0.05868000000000001
0  0.64365  0.50534  0.08309  0.08809
0  0.44775  0.4175  0.07318000000000002  0.08326
0  0.55745  0.2118  0.04687000000000008  0.057719999999999994
0  0.67651  0.10377  0.05423  0.04709999999999999
0  0.70749  0.22841  0.06095000000000006  0.054300000000000015
0  0.9830399999999999  0.7723799999999998  0.03373999999999999  0.11070999999999998
0  0.4677900000000001  0.09543  0.041159999999999974  0.04901
0  0.36566  0.058  0.040510000000000046  0.04642
0  0.67618  0.17095  0.045399999999999885  0.06120999999999999
0  0.6008100000000001  0.14108  0.05389999999999995  0.04738999999999999
0  0.51892  0.04884  0.043910000000000005  0.04131
0  0.36983999999999995  0.16564999999999996  0.04564999999999997  0.06040999999999999
0  0.60807  0.02441  0.04459000000000013  0.03606000000000001
0  0.6087699999999999  0.08011  0.04125000000000001  0.050820000000000004
0  0.34959999999999997  0.13971  0.044320000000000026  0.05213000000000001
0  0.3871400000000001  0.020660000000000005  0.04186999999999996  0.03831
