0 0.78526 0.82986 0.09822 0.13602
0 0.27079 0.39981 0.07365 0.07464
0 0.11319 0.80932 0.08801 0.13689
0 0.53727 0.87549 0.10271 0.15422
0 0.63708 0.34888 0.06426 0.07959
0 0.68651 0.44336 0.06428 0.09048
0 0.64534 0.75912 0.10056 0.12034
0 0.37823 0.46347 0.05752 0.09513
0 0.73004 0.25343 0.04382 0.06876
0 0.31876 0.81039 0.08780 0.14114
0 0.69023 0.59195 0.08357 0.10920
0 0.50895 0.57768 0.07791 0.11344
0 0.35653 0.31285 0.05359 0.07750
0 0.21896 0.50809 0.08529 0.09342
0 0.25097 0.68724 0.10127 0.11010
0 0.52459 0.23505 0.05240 0.06312
0 0.54825 0.48359 0.07803 0.09175
0 0.33708 0.58465 0.08945 0.09815
0 0.43369 0.25179 0.04972 0.06218
0 0.27538 0.26954 0.06402 0.05760
0 0.31071 0.13248 0.05710 0.04929
0 0.52898 0.12346 0.04269 0.05163
0 0.30973 0.20696 0.04818 0.06668
0 0.63547 0.08281 0.04183 0.04845
0 0.68973 0.97429 0.07135 0.04828
0 0.09671 0.97063 0.09104 0.05579
0 0.38896 0.17300 0.05648 0.05032
0 0.61324 0.04221 0.04294 0.03992
0 0.38321 0.04636 0.04658 0.03889
0 0.38141 0.10640 0.04327 0.05373
0 0.63127 0.20074 0.04804 0.06353
0 0.65222 0.17163 0.04729 0.05530
0 0.47901 0.02135 0.03736 0.03873
0 0.47580 0.07331 0.04558 0.04386
