0 0.21165 0.68430 0.08595 0.10936
0 0.67651 0.69970 0.07283 0.14027
0 0.55257 0.58779 0.08185 0.11234
0 0.75169 0.56075 0.07804 0.09871
0 0.20801 0.54887 0.07062 0.10111
0 0.06241 0.83874 0.09081 0.14088
0 0.28112 0.34268 0.07064 0.07491
0 0.06202 0.60227 0.08488 0.10671
0 0.67676 0.40074 0.06847 0.08422
0 0.38364 0.39550 0.07417 0.07478
0 0.37567 0.54571 0.06976 0.10455
0 0.63332 0.22796 0.05441 0.06482
0 0.71491 0.15697 0.03841 0.05801
0 0.67501 0.29652 0.05449 0.07154
0 0.63920 0.51316 0.08046 0.08969
0 0.71424 0.95793 0.08816 0.08107
0 0.55837 0.32460 0.06548 0.07245
0 0.52661 0.38906 0.06380 0.08760
0 0.32076 0.26562 0.06232 0.06074
0 0.41444 0.31023 0.04814 0.07392
0 0.39104 0.20092 0.04597 0.06408
0 0.53569 0.14136 0.04520 0.05234
0 0.45614 0.15452 0.04250 0.05188
0 0.25351 0.97869 0.06649 0.03948
0 0.31845 0.16808 0.05601 0.04883
0 0.34344 0.06093 0.05046 0.04268
0 0.53778 0.05434 0.03826 0.04350
0 0.31519 0.46564 0.08372 0.08295
0 0.40582 0.03971 0.03845 0.04655
0 0.41460 0.09318 0.05017 0.04272
0 0.34592 0.11868 0.04146 0.05282
0 0.63244 0.02213 0.03791 0.04214
0 0.48938 0.01607 0.04119 0.03184
