0 0.09599 0.85417 0.09115 0.14376
0 0.26236 0.42200 0.07464 0.07710
0 0.30825 0.85636 0.09141 0.14773
0 0.63723 0.36968 0.06561 0.08196
0 0.53378 0.92197 0.10682 0.15205
0 0.73237 0.27036 0.04481 0.07114
0 0.64571 0.80258 0.10341 0.12746
0 0.69151 0.62584 0.08605 0.11367
0 0.20853 0.53570 0.08779 0.09664
0 0.23984 0.72561 0.10332 0.11468
0 0.52284 0.25083 0.05370 0.06485
0 0.50528 0.60991 0.07987 0.11688
0 0.32880 0.61707 0.09217 0.10183
0 0.42980 0.26744 0.05050 0.06395
0 0.68792 0.46885 0.06622 0.09311
0 0.54628 0.51100 0.08001 0.09511
0 0.35071 0.33126 0.05484 0.08034
0 0.37188 0.48885 0.05923 0.09931
0 0.26793 0.28577 0.06592 0.05885
0 0.30537 0.14373 0.05783 0.05065
0 0.52742 0.13537 0.04350 0.05290
0 0.30363 0.22161 0.04909 0.06944
0 0.63588 0.09343 0.04255 0.04985
0 0.61297 0.05095 0.04401 0.04085
0 0.79012 0.87868 0.10177 0.14265
0 0.47364 0.08280 0.04628 0.04564
0 0.38491 0.18600 0.05736 0.05158
0 0.37992 0.05482 0.04717 0.03902
0 0.37777 0.11702 0.04370 0.05410
0 0.63150 0.21508 0.04903 0.06521
0 0.47717 0.02873 0.03801 0.04033
0 0.65282 0.18449 0.04745 0.05624
