0  0.21474000000000004  0.82986  0.09821999999999997  0.13602000000000003
0  0.72921  0.39981  0.07365  0.07463999999999998
0  0.88681  0.80932  0.08800999999999992  0.13689000000000007
0  0.4627299999999999  0.87549  0.10270999999999997  0.15422000000000002
0  0.36292  0.3488800000000001  0.06425999999999998  0.07959
0  0.3134900000000001  0.44336  0.06428  0.09048
0  0.35466  0.75912  0.10055999999999998  0.12034
0  0.62177  0.46347  0.057520000000000016  0.09513000000000005
0  0.26996  0.25343  0.04381999999999997  0.06876000000000002
0  0.6812400000000001  0.8103899999999999  0.08779999999999999  0.14113999999999993
0  0.30976999999999993  0.59195  0.08357000000000003  0.10919999999999996
0  0.49105000000000004  0.57768  0.07791000000000003  0.11343999999999999
0  0.64347  0.31285  0.053590000000000027  0.07750000000000001
0  0.78104  0.5080899999999999  0.08528999999999998  0.09341999999999995
0  0.74903  0.6872399999999999  0.10126999999999997  0.11009999999999998
0  0.47541  0.23505  0.0524  0.06312000000000001
0  0.45175  0.4835900000000001  0.07803000000000004  0.09175000000000005
0  0.6629200000000001  0.58465  0.08945000000000003  0.09814999999999996
0  0.56631  0.25179  0.049719999999999986  0.06218000000000001
0  0.7246199999999999  0.26954  0.06401999999999997  0.057599999999999985
0  0.6892900000000001  0.13248  0.05709999999999993  0.04929
0  0.47101999999999994  0.12345999999999999  0.042690000000000006  0.051629999999999995
0  0.6902699999999999  0.20696  0.04818  0.06668000000000002
0  0.36453  0.08281  0.041830000000000034  0.04844999999999999
0  0.31027000000000005  0.9742899999999999  0.07135000000000002  0.04827999999999999
0  0.90329  0.97063  0.09104000000000001  0.055790000000000006
0  0.61104  0.173  0.056480000000000086  0.050320000000000004
0  0.38676  0.04221  0.04293999999999998  0.03992
0  0.61679  0.04636  0.046580000000000066  0.03889000000000001
0  0.61859  0.1064  0.04327000000000003  0.05373
0  0.36873000000000006  0.20073999999999997  0.04803999999999997  0.06353
0  0.34778000000000003  0.17163  0.04728999999999994  0.055300000000000016
0  0.5209900000000001  0.02135  0.03735999999999995  0.03873
0  0.5242  0.07330999999999999  0.045580000000000065  0.043859999999999996
