0  0.2924600000000001  0.91582  0.08892  0.16432000000000002
0  0.90949  0.7665299999999999  0.08552000000000004  0.13134999999999997
0  0.4449199999999999  0.53799  0.07811000000000001  0.10514000000000001
0  0.7698  0.62683  0.08211999999999997  0.10238999999999998
0  0.25493  0.5137800000000001  0.07401999999999997  0.09286000000000005
0  0.32671999999999995  0.6394  0.06900000000000006  0.12990999999999997
0  0.91489  0.55168  0.08043  0.10162000000000004
0  0.3262199999999999  0.36635  0.06625000000000003  0.08001999999999998
0  0.70738  0.31209  0.06837000000000004  0.07096999999999998
0  0.92003  0.95062  0.11908000000000007  0.09513000000000005
0  0.7221299999999999  0.9348700000000001  0.08567000000000002  0.12675000000000003
0  0.7752399999999999  0.50267  0.06717000000000006  0.09541
0  0.6734499999999999  0.42574  0.07998000000000005  0.07922000000000001
0  0.32767999999999997  0.26929  0.052159999999999984  0.06796000000000002
0  0.47033  0.35475  0.06149999999999989  0.08326
0  0.6078600000000001  0.36076  0.07138  0.07121
0  0.36789  0.2048  0.05229000000000006  0.06228
0  0.44018999999999997  0.29552999999999996  0.06335000000000002  0.06941999999999998
0  0.61443  0.49945000000000006  0.06630999999999998  0.09907000000000005
0  0.28830000000000006  0.13804  0.03691999999999995  0.05703000000000001
0  0.57908  0.28216  0.04598000000000002  0.07023000000000001
0  0.6700699999999999  0.23989  0.06019999999999992  0.05811999999999998
0  0.53957  0.13529000000000002  0.04147000000000012  0.05050000000000002
0  0.36212999999999995  0.4699  0.07664000000000004  0.0847
0  0.4627599999999999  0.12319  0.04466000000000003  0.05059999999999999
0  0.60258  0.17965000000000003  0.04415999999999998  0.06115000000000001
0  0.65011  0.04723000000000001  0.04913000000000001  0.041710000000000004
0  0.6737600000000001  0.14869  0.05415000000000003  0.046880000000000005
0  0.46081000000000005  0.04081  0.037209999999999965  0.04200000000000001
0  0.6473  0.10177  0.040630000000000055  0.051570000000000005
0  0.36804000000000003  0.01538  0.036739999999999995  0.03074
0  0.58926  0.0267  0.03811999999999993  0.04488
0  0.5805899999999999  0.07764  0.04860999999999993  0.04135
