0  0.2916  0.86104  0.10372999999999999  0.14347
0  0.2496699999999999  0.37679  0.05178000000000005  0.08511000000000002
0  0.8603000000000001  0.73053  0.10509000000000002  0.11895999999999995
0  0.46391  0.69981  0.09433999999999998  0.11973
0  0.7242000000000001  0.84572  0.10951  0.13063000000000002
0  0.5147200000000001  0.83873  0.09579000000000004  0.15047999999999995
0  0.66763  0.66838  0.07003999999999999  0.12632
0  0.48668999999999996  0.35263  0.06133999999999995  0.07639000000000001
0  0.29780999999999996  0.64131  0.07791000000000003  0.11614000000000002
0  0.5925800000000001  0.37421000000000004  0.05714999999999992  0.07612000000000002
0  0.7911900000000001  0.57603  0.08692  0.09436999999999995
0  0.7756799999999999  0.39728  0.07544000000000006  0.07008000000000003
0  0.35689000000000004  0.50768  0.07626  0.10104000000000002
0  0.68539  0.45631999999999995  0.06326999999999994  0.09673999999999999
0  0.7263  0.21871  0.06396999999999997  0.05779000000000001
0  0.4799099999999999  0.20890999999999998  0.04874999999999996  0.059959999999999986
0  0.83671  0.96103  0.12009000000000003  0.07404
0  0.35965  0.15789  0.04722000000000004  0.05665999999999999
0  0.73195  0.31706  0.0563499999999999  0.08532000000000001
0  0.63968  0.27113  0.06456000000000006  0.059100000000000014
0  0.36397  0.30783000000000005  0.055889999999999995  0.07556000000000002
0  0.64004  0.11217  0.05127999999999999  0.04443
0  0.64493  0.18686999999999998  0.04805999999999999  0.061689999999999995
0  0.5380499999999999  0.14614  0.05171999999999999  0.05062
0  0.59197  0.05464  0.042950000000000044  0.0437
0  0.53323  0.08141  0.04149999999999987  0.04505000000000001
0  0.49175  0.03275  0.043379999999999974  0.06392999999999999
0  0.3844999999999999  0.10699  0.04798000000000002  0.04507
0  0.3406400000000001  0.26974  0.05491999999999997  0.06519000000000003
0  0.32994  0.014009999999999998  0.05728  0.0278
0  0.56324  0.017349999999999997  0.03700000000000003  0.03465
