0 0.78124 0.79951 0.09565 0.13136
0 0.53872 0.84301 0.10044 0.14914
0 0.27589 0.38524 0.07214 0.07319
0 0.68516 0.42748 0.06313 0.08791
0 0.63666 0.33588 0.06327 0.07791
0 0.64458 0.73189 0.09794 0.11747
0 0.12324 0.78039 0.08628 0.13311
0 0.72840 0.24303 0.04356 0.06781
0 0.22550 0.48999 0.08365 0.09083
0 0.68859 0.57117 0.08207 0.10655
0 0.52572 0.22529 0.05170 0.06193
0 0.51074 0.55667 0.07593 0.11032
0 0.32471 0.78079 0.08579 0.13650
0 0.38209 0.44643 0.05685 0.09285
0 0.34200 0.56377 0.08805 0.09551
0 0.25748 0.66265 0.09925 0.10669
0 0.36011 0.30111 0.05297 0.07603
0 0.43576 0.24103 0.04862 0.06096
0 0.54923 0.46643 0.07654 0.08964
0 0.11408 0.95263 0.10199 0.09124
0 0.68902 0.95572 0.08562 0.08532
0 0.27968 0.25893 0.06369 0.05646
0 0.31362 0.12495 0.05620 0.04864
0 0.31323 0.19825 0.04755 0.06644
0 0.52950 0.11636 0.04244 0.05089
0 0.63512 0.07617 0.04197 0.04857
0 0.47717 0.06707 0.04525 0.04253
0 0.61290 0.03626 0.04246 0.03959
0 0.39155 0.16474 0.05570 0.04963
0 0.38544 0.04036 0.04591 0.03832
0 0.38401 0.09966 0.04271 0.05264
0 0.65165 0.16351 0.04663 0.05499
0 0.63093 0.19174 0.04729 0.06294
0 0.48031 0.01756 0.03700 0.03519
