0 0.76002 0.63059 0.08380 0.10806
0 0.26460 0.38662 0.07570 0.07963
0 0.18377 0.77000 0.09110 0.12080
0 0.68013 0.78887 0.07783 0.15547
0 0.18290 0.61670 0.07503 0.11054
0 0.54837 0.66150 0.08723 0.12273
0 0.37102 0.44506 0.07848 0.08110
0 0.67757 0.33600 0.05658 0.07603
0 0.67991 0.45137 0.07260 0.09060
0 0.64058 0.57709 0.08539 0.09753
0 0.36039 0.61424 0.07449 0.11416
0 0.63420 0.26069 0.05713 0.06906
0 0.03640 0.67543 0.07237 0.11769
0 0.71856 0.18352 0.03988 0.06108
0 0.52156 0.43874 0.06764 0.09351
0 0.55542 0.36705 0.06902 0.07708
0 0.40465 0.35083 0.05061 0.07977
0 0.29767 0.52351 0.08817 0.08955
0 0.30712 0.30148 0.06527 0.06465
0 0.03464 0.93264 0.06890 0.13102
0 0.53233 0.16727 0.04737 0.05491
0 0.38143 0.23138 0.04826 0.06752
0 0.44980 0.18082 0.04486 0.05472
0 0.30630 0.19602 0.05817 0.05130
0 0.33407 0.08113 0.05179 0.04423
0 0.53511 0.07412 0.03955 0.04587
0 0.33571 0.14288 0.04357 0.05637
0 0.40740 0.11593 0.05146 0.04489
0 0.63308 0.03932 0.03824 0.04495
0 0.39896 0.05836 0.03964 0.04853
0 0.62901 0.13865 0.04338 0.05737
0 0.48555 0.03059 0.04231 0.03942
