0 0.67735 0.72022 0.07417 0.14323
0 0.20506 0.70376 0.08717 0.11198
0 0.55157 0.60477 0.08305 0.11512
0 0.05282 0.86227 0.09196 0.14473
0 0.27753 0.35245 0.07207 0.07610
0 0.67755 0.41254 0.06947 0.08591
0 0.75355 0.57708 0.07919 0.10129
0 0.38044 0.40642 0.07503 0.07648
0 0.20223 0.56430 0.07138 0.10376
0 0.05390 0.61861 0.08513 0.10891
0 0.63344 0.23546 0.05524 0.06551
0 0.67571 0.30564 0.05487 0.07251
0 0.71570 0.16290 0.03854 0.05927
0 0.37198 0.56150 0.07026 0.10640
0 0.55758 0.33462 0.06651 0.07396
0 0.52543 0.40048 0.06447 0.08866
0 0.63949 0.52760 0.08164 0.09112
0 0.31079 0.47890 0.08457 0.08517
0 0.31744 0.27353 0.06269 0.06165
0 0.41224 0.31970 0.04856 0.07532
0 0.53475 0.14786 0.04595 0.05321
0 0.38864 0.20774 0.04694 0.06437
0 0.45464 0.16058 0.04314 0.05300
0 0.34109 0.06564 0.05049 0.04285
0 0.71427 0.97180 0.07617 0.05311
0 0.53702 0.05897 0.03869 0.04341
0 0.31526 0.17466 0.05703 0.04930
0 0.41283 0.09837 0.04997 0.04269
0 0.62875 0.12048 0.04211 0.05494
0 0.34316 0.12372 0.04200 0.05297
0 0.40438 0.04445 0.03905 0.04690
0 0.63239 0.02550 0.03816 0.04353
0 0.48840 0.01855 0.04135 0.03621
