0 0.71077 0.89420 0.10619 0.14823
0 0.51197 0.36645 0.06205 0.07814
0 0.75289 0.39121 0.05251 0.08704
0 0.48290 0.87146 0.09816 0.15554
0 0.13016 0.75811 0.10721 0.12257
0 0.53494 0.72642 0.09644 0.12396
0 0.64392 0.52608 0.07748 0.10367
0 0.26860 0.87819 0.11192 0.13469
0 0.40462 0.38877 0.05836 0.07728
0 0.32711 0.69338 0.07180 0.13016
0 0.70459 0.66535 0.08032 0.11974
0 0.20164 0.59733 0.08901 0.09770
0 0.26972 0.22878 0.06511 0.05872
0 0.51929 0.21854 0.04935 0.06026
0 0.30999 0.47428 0.06450 0.09828
0 0.21835 0.41241 0.07625 0.07101
0 0.64084 0.16590 0.04766 0.05779
0 0.35692 0.28262 0.06513 0.05992
0 0.26328 0.32980 0.05692 0.08598
0 0.61565 0.11419 0.04873 0.04553
0 0.35738 0.11960 0.05195 0.04474
0 0.46046 0.15446 0.05205 0.05130
0 0.35199 0.19590 0.04858 0.06353
0 0.63662 0.32023 0.05647 0.07746
0 0.15104 0.97976 0.10781 0.03749
0 0.46564 0.08829 0.04166 0.04541
0 0.40595 0.06130 0.04392 0.04561
0 0.50732 0.03673 0.04427 0.06975
0 0.43562 0.02058 0.03758 0.04087
0 0.66046 0.28107 0.05552 0.06640
