0  0.29793  0.77329  0.09692  0.13254
0  0.83504  0.6580900000000001  0.09736999999999996  0.11109000000000002
0  0.2562  0.33999  0.049209999999999976  0.08024999999999999
0  0.67197  0.41133  0.060189999999999966  0.09034999999999999
0  0.48316000000000003  0.31693000000000005  0.058740000000000014  0.07168000000000002
0  0.70436  0.75999  0.10301000000000005  0.12034999999999996
0  0.50698  0.75339  0.08990000000000009  0.13816000000000006
0  0.80858  0.89502  0.11795  0.137
0  0.3031399999999999  0.57836  0.07350000000000001  0.10817999999999994
0  0.45989  0.6301700000000001  0.08864000000000005  0.11031000000000002
0  0.75946  0.35724  0.07177999999999995  0.06638
0  0.35885999999999996  0.45776  0.07220000000000004  0.09382999999999997
0  0.7712399999999999  0.51944  0.08284999999999998  0.08826
0  0.5842700000000001  0.33648999999999996  0.05448999999999993  0.07117999999999997
0  0.65278  0.6023499999999999  0.06584999999999996  0.11595999999999995
0  0.7145400000000001  0.19279999999999997  0.06172  0.05507999999999999
0  0.3498299999999999  0.9602899999999999  0.11672000000000005  0.07626999999999995
0  0.47696000000000005  0.18427  0.04679000000000011  0.05679000000000001
0  0.6306799999999999  0.24125  0.06168000000000007  0.05570000000000003
0  0.36106  0.13668  0.04547000000000001  0.05482999999999999
0  0.71858  0.28326  0.05326999999999993  0.07811000000000001
0  0.3656899999999999  0.27593  0.05286000000000002  0.07162000000000002
0  0.38515000000000005  0.08864  0.04635  0.04347000000000001
0  0.63253  0.09316  0.04988999999999999  0.04216
0  0.3427900000000001  0.24125000000000002  0.05220999999999998  0.06255000000000002
0  0.63669  0.16315000000000002  0.046499999999999986  0.059480000000000005
0  0.5336500000000001  0.12501  0.04910999999999999  0.04869000000000001
0  0.52898  0.064  0.03975000000000006  0.04385
0  0.5864400000000001  0.03931  0.041690000000000005  0.04286000000000001
0  0.48895000000000005  0.025209999999999996  0.04239000000000004  0.04846
