0  0.23998000000000003  0.63059  0.08379999999999999  0.10806000000000004
0  0.7354  0.38662  0.07569999999999999  0.07962999999999998
0  0.81623  0.77  0.09109999999999996  0.12080000000000002
0  0.31987000000000004  0.78887  0.07782999999999995  0.15547
0  0.8170999999999999  0.6167  0.07503000000000004  0.11053999999999997
0  0.4516299999999999  0.6615  0.08723000000000003  0.12273
0  0.62898  0.44506  0.0784800000000001  0.0811
0  0.32243000000000005  0.33599999999999997  0.056579999999999964  0.07602999999999999
0  0.32009  0.45137  0.0726  0.09060000000000001
0  0.35942  0.5770899999999999  0.08538999999999997  0.09753
0  0.63961  0.61424  0.07448999999999995  0.11416000000000004
0  0.36579999999999996  0.26069  0.057130000000000014  0.06906000000000001
0  0.9636  0.67543  0.07237000000000005  0.11768999999999996
0  0.28143999999999997  0.18351999999999996  0.03988000000000003  0.061079999999999995
0  0.47844  0.43874  0.06763999999999992  0.09350999999999998
0  0.44458000000000003  0.36705  0.06901999999999997  0.07707999999999998
0  0.59535  0.35083  0.05060999999999993  0.07977000000000001
0  0.70233  0.52351  0.08817000000000008  0.08955000000000002
0  0.6928799999999999  0.30148  0.06527000000000005  0.06464999999999999
0  0.96536  0.9326400000000001  0.06889999999999996  0.13102000000000003
0  0.46767  0.16726999999999997  0.04737000000000002  0.05490999999999999
0  0.6185700000000001  0.23138000000000003  0.04826000000000008  0.06752000000000002
0  0.5502  0.18082  0.0448599999999999  0.05471999999999999
0  0.6937  0.19601999999999997  0.058170000000000055  0.051299999999999985
0  0.66593  0.08113000000000001  0.05179  0.044230000000000005
0  0.46489  0.07412  0.039549999999999974  0.045869999999999994
0  0.66429  0.14288  0.04357  0.05637000000000002
0  0.5926  0.11593000000000002  0.05146000000000006  0.04489000000000001
0  0.36692  0.03932  0.03824000000000005  0.044950000000000004
0  0.60104  0.05836  0.0396399999999999  0.048530000000000004
0  0.37099000000000004  0.13865  0.043379999999999974  0.05736999999999999
0  0.5144500000000001  0.03059  0.04230999999999996  0.03942
