0 0.63821 0.40636 0.06842 0.08696
0 0.49967 0.66909 0.08399 0.12568
0 0.69513 0.68662 0.09015 0.12076
0 0.73660 0.29931 0.04639 0.07502
0 0.19001 0.58680 0.09207 0.10329
0 0.64689 0.88250 0.10943 0.13665
0 0.79913 0.94325 0.10570 0.10954
0 0.06573 0.92927 0.09793 0.13785
0 0.51975 0.27848 0.05620 0.06793
0 0.24769 0.46281 0.07832 0.08205
0 0.34073 0.36487 0.05724 0.08425
0 0.31456 0.67616 0.09682 0.10983
0 0.21975 0.79541 0.10888 0.12347
0 0.54325 0.56019 0.08362 0.10143
0 0.28990 0.93017 0.09688 0.13560
0 0.69117 0.51441 0.06931 0.09929
0 0.42332 0.29673 0.05224 0.06738
0 0.25603 0.31625 0.06829 0.06175
0 0.36114 0.53579 0.06235 0.10570
0 0.29647 0.16495 0.05932 0.05212
0 0.52482 0.15593 0.04500 0.05423
0 0.29366 0.24821 0.05102 0.07450
0 0.37767 0.20931 0.05918 0.05302
0 0.52381 0.96594 0.10156 0.06452
0 0.63668 0.11205 0.04375 0.05180
0 0.46998 0.10104 0.04796 0.04612
0 0.37115 0.13683 0.04469 0.05690
0 0.61324 0.06717 0.04473 0.04187
0 0.37412 0.07119 0.04832 0.04035
0 0.65406 0.20827 0.04968 0.05901
0 0.63228 0.24041 0.05070 0.06822
0 0.47379 0.04414 0.03873 0.04168
0 0.41790 0.02087 0.04062 0.04019
