0 0.79245 0.89528 0.10316 0.14598
0 0.26021 0.42922 0.07557 0.07823
0 0.09061 0.86912 0.09257 0.14542
0 0.63805 0.37616 0.06598 0.08349
0 0.30501 0.87208 0.09243 0.14962
0 0.73387 0.27581 0.04505 0.07221
0 0.64621 0.81796 0.10449 0.12843
0 0.69261 0.63741 0.08649 0.11462
0 0.53276 0.92987 0.10754 0.13591
0 0.23529 0.73807 0.10632 0.11623
0 0.20570 0.54460 0.08898 0.09779
0 0.68936 0.47742 0.06695 0.09424
0 0.34929 0.33735 0.05530 0.07993
0 0.50467 0.62082 0.08047 0.11895
0 0.32656 0.62768 0.09306 0.10244
0 0.54631 0.52014 0.08030 0.09586
0 0.42916 0.27272 0.05070 0.06461
0 0.30439 0.14727 0.05822 0.05109
0 0.37045 0.49702 0.05994 0.09940
0 0.26645 0.29109 0.06647 0.06005
0 0.52775 0.13913 0.04375 0.05323
0 0.38428 0.18979 0.05740 0.05131
0 0.30249 0.22626 0.04941 0.07069
0 0.63667 0.09687 0.04267 0.05056
0 0.52307 0.25556 0.05391 0.06566
0 0.61399 0.05427 0.04408 0.04093
0 0.37963 0.05770 0.04751 0.03953
0 0.47378 0.08632 0.04669 0.04436
0 0.63230 0.21975 0.04932 0.06645
0 0.37726 0.12094 0.04385 0.05503
0 0.65373 0.18902 0.04805 0.05635
0 0.47723 0.03164 0.03830 0.04015
