0  0.26207  0.30608  0.047050000000000036  0.07574999999999998
0  0.81393  0.59887  0.09368999999999994  0.10429999999999995
0  0.35241  0.9022299999999999  0.11087000000000002  0.13849999999999996
0  0.50149  0.68356  0.08516999999999997  0.12745000000000006
0  0.30384000000000005  0.70142  0.09104999999999996  0.12267000000000006
0  0.6885  0.69072  0.09797999999999996  0.11055000000000004
0  0.66143  0.37306  0.05795000000000006  0.08509
0  0.78587  0.8121  0.11216000000000004  0.12449999999999994
0  0.48080999999999996  0.28534  0.056480000000000086  0.06852000000000003
0  0.36112000000000005  0.41562999999999994  0.06933  0.08817999999999998
0  0.45724000000000004  0.57238  0.08450999999999997  0.10314000000000001
0  0.19889999999999997  0.9533  0.10341  0.08972999999999998
0  0.30759000000000003  0.52532  0.07079999999999997  0.10070000000000001
0  0.57807  0.30325  0.05305000000000004  0.06780999999999998
0  0.94133  0.93893  0.09939999999999993  0.11848999999999998
0  0.74655  0.32323  0.06877999999999995  0.06258000000000002
0  0.64104  0.54715  0.06271000000000004  0.10755000000000003
0  0.71384  0.9401  0.09801000000000004  0.11563999999999997
0  0.47541999999999995  0.16097  0.04529000000000005  0.05471999999999999
0  0.7056800000000001  0.16969  0.059640000000000026  0.05227999999999999
0  0.4806000000000001  0.9770400000000001  0.08811000000000002  0.04259000000000002
0  0.6238999999999999  0.21478999999999998  0.059780000000000055  0.05324999999999999
0  0.7085  0.2543099999999999  0.05137999999999998  0.07490999999999998
0  0.36740999999999996  0.24679  0.05083000000000004  0.06869999999999998
0  0.63032  0.1418  0.045009999999999994  0.057499999999999996
0  0.75542  0.47269  0.07936999999999994  0.08328999999999998
0  0.6268699999999999  0.07525  0.04842999999999997  0.04091999999999999
0  0.3866699999999999  0.07124  0.044930000000000025  0.042559999999999994
0  0.53061  0.10531000000000001  0.04807000000000006  0.04686000000000001
0  0.34529  0.21433000000000002  0.05001999999999995  0.059480000000000005
0  0.52657  0.04754  0.03871000000000002  0.04185
0  0.5830299999999999  0.023779999999999996  0.04074  0.04091
0  0.36295000000000005  0.11603  0.04379999999999995  0.05235000000000001
