0  0.23199000000000009  0.6914800000000001  0.08796999999999999  0.11621000000000004
0  0.45491000000000004  0.72698  0.09196000000000004  0.13227
0  0.8382499999999999  0.67601  0.07880999999999994  0.11804000000000003
0  0.3153599999999999  0.86789  0.08286000000000004  0.16949999999999998
0  0.31910999999999995  0.36984  0.05940000000000001  0.08043
0  0.84015  0.8454899999999999  0.09591000000000005  0.13039999999999996
0  0.44659000000000004  0.40317  0.07182  0.08140999999999998
0  0.35777  0.63308  0.08960000000000001  0.10433000000000003
0  0.27747  0.20564  0.041039999999999965  0.06336
0  0.36497000000000007  0.28898999999999997  0.05942999999999998  0.07188
0  0.6519999999999999  0.6745  0.07850999999999997  0.12258999999999998
0  0.7040899999999999  0.33284  0.06752999999999998  0.06740000000000002
0  0.74968  0.42491  0.07748  0.08410000000000001
0  0.3168  0.49529000000000006  0.07613999999999999  0.09642000000000006
0  0.6262400000000001  0.25746  0.04954000000000003  0.07006000000000001
0  0.48206000000000004  0.48226  0.07055999999999996  0.09888999999999998
0  0.7166699999999999  0.57397  0.09299000000000002  0.09633000000000003
0  0.6035699999999999  0.3862300000000001  0.052730000000000055  0.08437
0  0.46986999999999995  0.18924  0.049000000000000044  0.058120000000000005
0  0.5551900000000001  0.20405  0.04637999999999998  0.05754999999999999
0  0.6392800000000001  0.48880999999999997  0.08205999999999991  0.08622999999999997
0  0.67336  0.09842  0.053570000000000007  0.045369999999999994
0  0.70347  0.21975  0.06033999999999995  0.05349999999999999
0  0.9773700000000001  0.7430999999999999  0.04496  0.11846999999999996
0  0.4665399999999999  0.08991000000000002  0.040630000000000055  0.048560000000000006
0  0.67264  0.16372  0.04532000000000003  0.05882999999999999
0  0.36563999999999997  0.05315  0.04027000000000003  0.045559999999999996
0  0.51752  0.04461  0.04350999999999994  0.04066
0  0.36972  0.15888  0.04510000000000003  0.058709999999999984
0  0.5981799999999999  0.13472  0.05286000000000002  0.046429999999999985
0  0.60594  0.0199  0.04512000000000005  0.03606000000000001
0  0.3502  0.13355  0.04393999999999998  0.051690000000000014
0  0.38704  0.01777  0.041100000000000025  0.035320000000000004
0  0.60649  0.07449999999999998  0.040859999999999896  0.050409999999999996
