0  0.20754999999999996  0.89528  0.10316000000000003  0.14598
0  0.73979  0.42921999999999993  0.07557000000000003  0.07822999999999997
0  0.90939  0.8691200000000001  0.09257000000000004  0.14542
0  0.36194999999999994  0.37616000000000005  0.06598000000000004  0.08349000000000001
0  0.69499  0.87208  0.09243000000000001  0.14961999999999998
0  0.26613  0.27581  0.045050000000000034  0.07221
0  0.35379000000000005  0.81796  0.10448999999999997  0.12842999999999993
0  0.30739000000000005  0.63741  0.08648999999999996  0.11461999999999994
0  0.46724  0.92987  0.10753999999999997  0.13590999999999998
0  0.76471  0.73807  0.10631999999999997  0.11622999999999994
0  0.7943  0.5446  0.08898000000000006  0.09779000000000004
0  0.3106400000000001  0.47742  0.06694999999999995  0.09423999999999999
0  0.65071  0.33735000000000004  0.05530000000000013  0.07993
0  0.49533000000000005  0.6208199999999999  0.08047000000000004  0.11895
0  0.67344  0.62768  0.09306000000000003  0.10243999999999998
0  0.45369000000000004  0.52014  0.08030000000000004  0.09586000000000006
0  0.57084  0.27272  0.05069999999999997  0.06460999999999997
0  0.6956100000000001  0.14727  0.05821999999999994  0.05109000000000001
0  0.62955  0.49702  0.05993999999999999  0.09939999999999999
0  0.73355  0.29108999999999996  0.06647000000000003  0.06004999999999999
0  0.47224999999999995  0.13913  0.043749999999999956  0.05323
0  0.61572  0.18978999999999996  0.05740000000000001  0.051309999999999995
0  0.6975100000000001  0.22626  0.049410000000000065  0.07068999999999998
0  0.36333000000000004  0.09687000000000001  0.042669999999999986  0.05056000000000001
0  0.47692999999999997  0.25556  0.0539099999999999  0.06566000000000002
0  0.3860099999999999  0.05427  0.04408000000000001  0.040929999999999994
0  0.6203699999999999  0.0577  0.04751000000000005  0.03953000000000001
0  0.52622  0.08632000000000001  0.04669000000000012  0.04436
0  0.3677  0.21975  0.04932000000000003  0.06645000000000001
0  0.6227400000000001  0.12094  0.043849999999999945  0.055029999999999996
0  0.3462699999999999  0.18901999999999997  0.04805000000000004  0.05634999999999998
0  0.52277  0.03164  0.0383  0.04014999999999999
