0 0.79370 0.91082 0.10428 0.14819
0 0.20181 0.55365 0.08971 0.09980
0 0.30128 0.88740 0.09317 0.15189
0 0.73401 0.28121 0.04525 0.07232
0 0.63752 0.38343 0.06658 0.08420
0 0.08430 0.88404 0.09385 0.14758
0 0.23139 0.75072 0.10671 0.11844
0 0.69270 0.64833 0.08740 0.11607
0 0.64563 0.83192 0.10591 0.12945
0 0.68919 0.48573 0.06761 0.09576
0 0.34689 0.34306 0.05611 0.08139
0 0.52188 0.26067 0.05435 0.06605
0 0.50316 0.63171 0.08151 0.12041
0 0.53082 0.93777 0.10756 0.12017
0 0.54497 0.52903 0.08157 0.09717
0 0.32327 0.63829 0.09397 0.10431
0 0.42741 0.27796 0.05121 0.06474
0 0.26372 0.29636 0.06701 0.05998
0 0.30209 0.15097 0.05814 0.05098
0 0.52661 0.14254 0.04395 0.05386
0 0.29988 0.23124 0.04991 0.07238
0 0.38214 0.19402 0.05837 0.05158
0 0.63628 0.10049 0.04314 0.05108
0 0.25695 0.43630 0.07585 0.07937
0 0.61334 0.05710 0.04420 0.04102
0 0.47255 0.08962 0.04715 0.04532
0 0.37788 0.06066 0.04762 0.03951
0 0.37518 0.12407 0.04407 0.05585
0 0.63182 0.22432 0.04955 0.06750
0 0.47599 0.03421 0.03846 0.04116
0 0.65351 0.19354 0.04808 0.05751
0 0.36776 0.50602 0.06027 0.10116
0 0.42080 0.01583 0.03993 0.03159
