0  0.29044  0.87714  0.10499000000000003  0.14590000000000003
0  0.24842999999999998  0.38391  0.05188000000000004  0.08573000000000003
0  0.7279300000000001  0.86191  0.11121000000000003  0.13305
0  0.86473  0.74428  0.10616000000000003  0.12102000000000002
0  0.29674  0.65307  0.07918000000000003  0.11739999999999995
0  0.48739  0.35951  0.06160999999999994  0.07677
0  0.51595  0.85551  0.09728000000000003  0.15363000000000004
0  0.4644899999999999  0.71287  0.09530000000000005  0.12170999999999998
0  0.79477  0.58658  0.08789999999999998  0.09609000000000001
0  0.67045  0.6812  0.07080999999999993  0.12805
0  0.5941399999999999  0.38122  0.05802000000000007  0.07687
0  0.35651999999999995  0.51678  0.07687  0.10203999999999996
0  0.68734  0.46526999999999996  0.06328  0.09788999999999998
0  0.7284900000000001  0.22376999999999997  0.06447000000000003  0.057959999999999984
0  0.48028  0.21388000000000001  0.04905999999999999  0.06015000000000001
0  0.35946999999999996  0.16175999999999996  0.04749000000000003  0.057349999999999984
0  0.73456  0.32323  0.0563800000000001  0.08551999999999998
0  0.64144  0.27668  0.06496000000000013  0.05996000000000001
0  0.38452  0.11034  0.04842999999999997  0.04569000000000001
0  0.77864  0.40471999999999997  0.07542999999999989  0.07049
0  0.64124  0.11586000000000002  0.051449999999999996  0.04429000000000001
0  0.36369  0.31442000000000003  0.05654999999999999  0.07637
0  0.84249  0.97072  0.11421999999999999  0.05508999999999997
0  0.5387500000000001  0.14984  0.05175999999999992  0.050989999999999994
0  0.6465799999999999  0.19187  0.04850999999999994  0.06295
0  0.3403000000000001  0.2756  0.05559999999999998  0.06655
0  0.49219999999999997  0.03458  0.04400000000000004  0.06711
0  0.53369  0.08471000000000001  0.04170000000000007  0.04551000000000001
0  0.59293  0.05766  0.04332999999999998  0.045149999999999996
0  0.3293399999999999  0.015370000000000002  0.057780000000000054  0.03053
0  0.56399  0.01898  0.03722000000000003  0.03781
