0  0.2534699999999999  0.52336  0.07459000000000005  0.09447999999999995
0  0.91507  0.78121  0.0861900000000001  0.13324999999999998
0  0.29103000000000007  0.92448  0.08979999999999999  0.14702000000000004
0  0.91903  0.56215  0.08099999999999996  0.10238999999999998
0  0.44518  0.54846  0.07892999999999994  0.10691000000000006
0  0.32578  0.6520599999999999  0.06986999999999999  0.13273999999999997
0  0.77348  0.63881  0.08344999999999991  0.10429
0  0.77839  0.51229  0.06797000000000009  0.09733999999999998
0  0.32517999999999997  0.37342999999999993  0.06655  0.08137
0  0.72609  0.9439599999999999  0.08677000000000001  0.10873999999999995
0  0.7092200000000001  0.31823  0.06943999999999995  0.07145000000000001
0  0.67567  0.43405000000000005  0.08044999999999991  0.07978000000000002
0  0.60962  0.36791  0.07206000000000001  0.07206999999999997
0  0.61622  0.50901  0.06703999999999999  0.10024999999999995
0  0.2873599999999999  0.14234000000000002  0.0373  0.05699000000000001
0  0.92823  0.9600200000000001  0.11698999999999993  0.07682
0  0.36167  0.47887  0.07743  0.08536999999999995
0  0.3269100000000001  0.275  0.05247999999999997  0.06875000000000003
0  0.36745  0.20991000000000004  0.052690000000000015  0.06325
0  0.4707  0.3621  0.061860000000000026  0.08400000000000002
0  0.44027000000000005  0.30147  0.06379000000000001  0.06953999999999999
0  0.58032  0.28792000000000006  0.04613999999999996  0.07080000000000003
0  0.6037  0.18372  0.04465000000000008  0.060939999999999994
0  0.5402199999999999  0.1396  0.04179999999999995  0.050860000000000016
0  0.46287  0.12728  0.04478000000000004  0.05134
0  0.6748799999999999  0.15274  0.05481999999999998  0.04746
0  0.65145  0.04999  0.0496700000000001  0.041620000000000004
0  0.46097000000000005  0.04387  0.03701999999999994  0.04206
0  0.6716  0.24545  0.06045999999999996  0.05889
0  0.36778  0.01678  0.03708  0.03348
0  0.64855  0.10485999999999998  0.04054000000000002  0.051019999999999996
0  0.58121  0.08071  0.04899999999999993  0.041370000000000004
0  0.5898300000000001  0.029539999999999997  0.03803000000000001  0.04438
