0 0.76178 0.64306 0.08406 0.11037
0 0.54814 0.67449 0.08848 0.12491
0 0.26241 0.39439 0.07594 0.08050
0 0.17954 0.78490 0.09291 0.12235
0 0.17922 0.62801 0.07555 0.11197
0 0.68129 0.80431 0.07848 0.15782
0 0.36937 0.45393 0.07892 0.08217
0 0.67856 0.34324 0.05714 0.07680
0 0.63447 0.26686 0.05746 0.06932
0 0.68071 0.46030 0.07297 0.09199
0 0.55543 0.37457 0.06953 0.07843
0 0.52136 0.44760 0.06812 0.09456
0 0.64131 0.58855 0.08635 0.09926
0 0.35839 0.62600 0.07515 0.11604
0 0.40337 0.35832 0.05118 0.08005
0 0.30538 0.30779 0.06558 0.06534
0 0.29538 0.53345 0.08938 0.09093
0 0.71966 0.18856 0.04026 0.06130
0 0.38034 0.23693 0.04858 0.06738
0 0.53228 0.17206 0.04758 0.05541
0 0.44921 0.18563 0.04482 0.05507
0 0.03380 0.68803 0.06719 0.11921
0 0.03157 0.94186 0.06283 0.11286
0 0.30469 0.20050 0.05881 0.05175
0 0.53501 0.07772 0.03994 0.04604
0 0.33309 0.08480 0.05197 0.04486
0 0.62958 0.14317 0.04399 0.05747
0 0.33458 0.14648 0.04400 0.05588
0 0.40671 0.11944 0.05192 0.04512
0 0.63382 0.04257 0.03897 0.04571
0 0.39833 0.06208 0.03988 0.04965
0 0.48527 0.03346 0.04260 0.04027
0 0.39835 0.01373 0.04359 0.02770
