0  0.28923  0.8941999999999999  0.10619  0.14822999999999997
0  0.48803  0.36645  0.06205000000000005  0.07813999999999999
0  0.24711000000000005  0.39121  0.05251000000000006  0.08704
0  0.5171  0.87146  0.09816000000000003  0.15554
0  0.86984  0.7581099999999998  0.10720999999999992  0.12256999999999996
0  0.46506  0.7264199999999998  0.09643999999999997  0.12395999999999996
0  0.35607999999999995  0.52608  0.07748  0.10366999999999998
0  0.7314  0.87819  0.11192000000000002  0.13468999999999998
0  0.59538  0.38877  0.05835999999999997  0.07728000000000002
0  0.67289  0.6933799999999999  0.07180000000000009  0.13015999999999994
0  0.29540999999999995  0.66535  0.08031999999999995  0.11973999999999996
0  0.79836  0.5973300000000001  0.08901000000000003  0.09770000000000001
0  0.7302799999999999  0.22878000000000004  0.06511  0.05872000000000002
0  0.48070999999999997  0.21854  0.049350000000000005  0.06026000000000001
0  0.69001  0.47428  0.0645  0.09828000000000003
0  0.78165  0.41241  0.07625000000000004  0.07101000000000002
0  0.35916000000000003  0.1659  0.047660000000000036  0.05779000000000001
0  0.6430800000000001  0.28262  0.06513000000000002  0.05991999999999997
0  0.73672  0.3298  0.05691999999999997  0.08598
0  0.3843499999999999  0.11419  0.04873000000000005  0.04552999999999999
0  0.6426200000000001  0.11959999999999998  0.05194999999999994  0.04473999999999999
0  0.5395400000000001  0.15446  0.05205000000000004  0.05130000000000001
0  0.64801  0.19589999999999996  0.04857999999999996  0.06353
0  0.36338000000000004  0.32023  0.05647000000000002  0.07746000000000003
0  0.84896  0.97976  0.10780999999999996  0.03749000000000002
0  0.5343600000000001  0.08828999999999998  0.04166000000000003  0.04540999999999999
0  0.59405  0.0613  0.04391999999999996  0.04561
0  0.49268  0.03673  0.04427000000000003  0.06975
0  0.56438  0.02058  0.03757999999999995  0.04086999999999999
0  0.33953999999999995  0.28107  0.055520000000000014  0.06640000000000001
