0 0.18886 0.75455 0.09051 0.11838
0 0.54930 0.64840 0.08623 0.12121
0 0.18736 0.60453 0.07421 0.10898
0 0.75841 0.61813 0.08193 0.10665
0 0.26743 0.37874 0.07426 0.07812
0 0.67982 0.77316 0.07720 0.15335
0 0.67728 0.32913 0.05644 0.07583
0 0.63407 0.25501 0.05688 0.06812
0 0.03922 0.66245 0.07775 0.11550
0 0.64053 0.56568 0.08435 0.09622
0 0.36308 0.60213 0.07351 0.11249
0 0.71806 0.17895 0.03979 0.06144
0 0.52280 0.43000 0.06683 0.09229
0 0.03828 0.92388 0.07607 0.14832
0 0.67933 0.44229 0.07200 0.08997
0 0.55611 0.35932 0.06864 0.07601
0 0.40645 0.34381 0.05045 0.07863
0 0.30104 0.51323 0.08773 0.08888
0 0.30965 0.29507 0.06465 0.06396
0 0.37323 0.43621 0.07763 0.07958
0 0.53270 0.16296 0.04735 0.05496
0 0.38323 0.22593 0.04761 0.06611
0 0.45110 0.17616 0.04431 0.05426
0 0.53560 0.07040 0.03931 0.04489
0 0.30843 0.19095 0.05768 0.05121
0 0.33569 0.07774 0.05164 0.04401
0 0.63296 0.03618 0.03851 0.04435
0 0.33759 0.13812 0.04298 0.05551
0 0.48629 0.02738 0.04234 0.03922
0 0.62900 0.13375 0.04300 0.05720
0 0.40031 0.05526 0.03971 0.04829
0 0.40854 0.11168 0.05174 0.04385
