0 0.15468 0.86100 0.09735 0.13323
0 0.54417 0.73985 0.09307 0.13446
0 0.76947 0.70342 0.08874 0.11865
0 0.15709 0.68732 0.07968 0.12000
0 0.68113 0.37602 0.05962 0.08159
0 0.68529 0.88369 0.08384 0.17186
0 0.55278 0.40998 0.07245 0.08157
0 0.64236 0.64414 0.09070 0.10591
0 0.34493 0.68620 0.07926 0.12362
0 0.72321 0.20947 0.04127 0.06425
0 0.28022 0.58374 0.09359 0.09718
0 0.63508 0.29385 0.05963 0.07309
0 0.24767 0.43187 0.07927 0.08509
0 0.29327 0.33785 0.06823 0.06847
0 0.39465 0.39267 0.05325 0.08547
0 0.37212 0.26186 0.04977 0.07085
0 0.68366 0.50356 0.07680 0.09761
0 0.52941 0.19286 0.04940 0.05822
0 0.35834 0.49624 0.08289 0.08676
0 0.44376 0.20713 0.04644 0.05732
0 0.32501 0.10041 0.05390 0.04612
0 0.01971 0.75641 0.03920 0.11578
0 0.53274 0.09239 0.04116 0.04950
0 0.29434 0.22335 0.06043 0.05391
0 0.63431 0.05551 0.04058 0.04593
0 0.32559 0.16681 0.04507 0.05967
0 0.40032 0.13685 0.05295 0.04671
0 0.48175 0.04641 0.04376 0.04101
0 0.39287 0.02160 0.04474 0.03613
0 0.39225 0.07640 0.04145 0.05025
0 0.61277 0.01879 0.04155 0.03674
0 0.63006 0.16213 0.04515 0.05989
0 0.64984 0.13611 0.04421 0.05206
0 0.51705 0.48972 0.07116 0.10034
