0 0.74131 0.32615 0.04796 0.07749
0 0.69989 0.74454 0.09499 0.12819
0 0.17340 0.63419 0.09648 0.10865
0 0.30200 0.73166 0.10087 0.11611
0 0.49507 0.72528 0.08803 0.13309
0 0.20029 0.86156 0.11578 0.13204
0 0.51767 0.30417 0.05752 0.07106
0 0.23499 0.50052 0.08107 0.08584
0 0.54087 0.60701 0.08761 0.10751
0 0.64009 0.44061 0.07091 0.09125
0 0.64903 0.94196 0.11493 0.11180
0 0.69488 0.55663 0.07229 0.10499
0 0.41830 0.32312 0.05412 0.06992
0 0.35179 0.57990 0.06478 0.11210
0 0.24551 0.34372 0.07050 0.06486
0 0.28869 0.18322 0.06079 0.05385
0 0.33213 0.39611 0.05944 0.08747
0 0.52361 0.17491 0.04621 0.05571
0 0.28529 0.27180 0.05220 0.07730
0 0.63817 0.12833 0.04493 0.05370
0 0.37196 0.23090 0.06107 0.05466
0 0.27211 0.96855 0.09163 0.05947
0 0.63365 0.26413 0.05202 0.07038
0 0.36592 0.15440 0.04612 0.05789
0 0.36968 0.08574 0.04931 0.04147
0 0.61426 0.08179 0.04564 0.04282
0 0.46757 0.11682 0.04913 0.04744
0 0.80919 0.98271 0.08450 0.03161
0 0.65602 0.22999 0.05153 0.06126
0 0.47176 0.05734 0.03989 0.04266
0 0.51164 0.02186 0.04157 0.04291
0 0.41500 0.03275 0.04137 0.04170
0 0.04228 0.96685 0.08363 0.06326
