0  0.7981199999999999  0.71424  0.08792  0.11324000000000001
0  0.32225000000000004  0.7310100000000002  0.07501000000000002  0.14560000000000006
0  0.7249399999999999  0.35834999999999995  0.07213999999999998  0.07629999999999998
0  0.24564000000000002  0.5852600000000001  0.0797  0.10224
0  0.80084  0.57279  0.0721099999999999  0.10446
0  0.44897  0.6138299999999999  0.08372000000000002  0.11646999999999996
0  0.9520299999999999  0.87558  0.09313000000000005  0.14637
0  0.6210899999999999  0.41279  0.07543  0.07763999999999999
0  0.95018  0.62798  0.08655999999999997  0.11077999999999999
0  0.36661999999999995  0.23968  0.05550999999999995  0.06594999999999998
0  0.4753500000000001  0.40663  0.06520000000000004  0.08984000000000003
0  0.32426000000000005  0.31041  0.055359999999999965  0.07279000000000002
0  0.28396999999999994  0.16648  0.03905000000000003  0.06006
0  0.44286000000000003  0.33932  0.06711  0.07345999999999997
0  0.6299  0.56982  0.07075000000000009  0.10819999999999996
0  0.36034999999999995  0.53574  0.08206000000000002  0.0927
0  0.69126  0.48612  0.0853299999999999  0.08576999999999996
0  0.58918  0.32487  0.04874999999999996  0.07606000000000002
0  0.6841999999999999  0.27799  0.06303000000000003  0.062100000000000016
0  0.6126  0.21163  0.047130000000000005  0.06539
0  0.54618  0.16408  0.04337000000000013  0.05310000000000001
0  0.46565  0.151  0.04627000000000003  0.05380999999999998
0  0.6601999999999999  0.06839  0.05057999999999996  0.04324
0  0.32243999999999995  0.4184  0.06974999999999998  0.08696999999999999
0  0.6862699999999999  0.17794  0.056950000000000056  0.049850000000000005
0  0.46332  0.06156999999999999  0.03864999999999996  0.04390999999999999
0  0.58816  0.10144999999999998  0.050349999999999895  0.04317
0  0.28712000000000004  0.97933  0.06350999999999996  0.03817999999999999
0  0.59667  0.04657  0.039329999999999976  0.047270000000000006
0  0.65802  0.12719  0.04244999999999999  0.053750000000000006
0  0.37144  0.12328999999999998  0.042240000000000055  0.05539999999999999
0  0.51224  0.02003  0.04176000000000002  0.03712
0  0.36743000000000003  0.02792  0.03808999999999996  0.04300999999999999
