0 0.70284 0.78566 0.09801 0.13406
0 0.74454 0.34437 0.04968 0.08085
0 0.29253 0.77226 0.10370 0.12068
0 0.16130 0.66832 0.09965 0.11282
0 0.49150 0.76552 0.09072 0.13974
0 0.51605 0.32145 0.05881 0.07268
0 0.18673 0.90996 0.11927 0.13885
0 0.53925 0.63987 0.08948 0.11188
0 0.69757 0.58694 0.07439 0.10935
0 0.64108 0.46458 0.07255 0.09527
0 0.22553 0.52719 0.08344 0.08901
0 0.34473 0.61147 0.06698 0.11715
0 0.23786 0.36235 0.07222 0.06666
0 0.32598 0.41766 0.06056 0.09100
0 0.41427 0.34120 0.05531 0.07224
0 0.28320 0.19572 0.06212 0.05535
0 0.52231 0.18692 0.04707 0.05731
0 0.27876 0.28774 0.05363 0.08041
0 0.65096 0.96861 0.11374 0.05934
0 0.63896 0.13874 0.04576 0.05448
0 0.36774 0.24496 0.06235 0.05647
0 0.63438 0.27939 0.05344 0.07322
0 0.61469 0.09032 0.04669 0.04386
0 0.36607 0.09518 0.05044 0.04293
0 0.65751 0.24490 0.05273 0.06355
0 0.36175 0.16585 0.04600 0.06028
0 0.46553 0.12700 0.04958 0.04874
0 0.41221 0.04049 0.04208 0.04348
0 0.47022 0.06576 0.04030 0.04399
0 0.51027 0.02570 0.04276 0.05009
