0  0.2971599999999999  0.78566  0.09801000000000004  0.13405999999999996
0  0.25546  0.34437  0.049679999999999946  0.08084999999999998
0  0.70747  0.77226  0.10370000000000001  0.12068000000000001
0  0.8387  0.66832  0.09965000000000002  0.11282000000000003
0  0.5085  0.76552  0.09072000000000002  0.13973999999999998
0  0.48395  0.32145  0.05881000000000003  0.07268000000000002
0  0.81327  0.9099600000000001  0.11926999999999999  0.13885000000000003
0  0.46075  0.63987  0.08948  0.11187999999999998
0  0.30243  0.58694  0.07438999999999996  0.10935000000000006
0  0.35891999999999996  0.46458  0.07255  0.09526999999999997
0  0.77447  0.52719  0.08343999999999996  0.08901000000000003
0  0.65527  0.61147  0.06698000000000004  0.11714999999999998
0  0.76214  0.36234999999999995  0.07222000000000006  0.06666
0  0.6740200000000001  0.41766000000000003  0.06056000000000006  0.09100000000000003
0  0.58573  0.3412  0.05530999999999997  0.07223999999999997
0  0.7168  0.19572  0.06211999999999995  0.05535000000000001
0  0.4776899999999999  0.18691999999999998  0.047070000000000056  0.05731
0  0.7212399999999999  0.28774  0.053629999999999955  0.08040999999999998
0  0.34904  0.96861  0.11373999999999995  0.05933999999999995
0  0.36104  0.13874  0.04576000000000002  0.054480000000000015
0  0.63226  0.24496  0.062350000000000017  0.05647000000000002
0  0.3656199999999999  0.27939  0.05344000000000004  0.07321999999999998
0  0.38531  0.09031999999999998  0.04669000000000001  0.043859999999999996
0  0.6339300000000001  0.09518  0.05043999999999993  0.042929999999999996
0  0.34248999999999996  0.2449  0.052729999999999944  0.06355
0  0.63825  0.16585  0.04599999999999993  0.06028
0  0.53447  0.127  0.04958000000000007  0.048740000000000006
0  0.58779  0.04049  0.042080000000000006  0.04347999999999999
0  0.52978  0.06576  0.0403  0.04399
0  0.48973  0.0257  0.04275999999999991  0.050089999999999996
