0 0.70956 0.87714 0.10499 0.14590
0 0.75157 0.38391 0.05188 0.08573
0 0.27207 0.86191 0.11121 0.13305
0 0.13527 0.74428 0.10616 0.12102
0 0.70326 0.65307 0.07918 0.11740
0 0.51261 0.35951 0.06161 0.07677
0 0.48405 0.85551 0.09728 0.15363
0 0.53551 0.71287 0.09530 0.12171
0 0.20523 0.58658 0.08790 0.09609
0 0.32955 0.68120 0.07081 0.12805
0 0.40586 0.38122 0.05802 0.07687
0 0.64348 0.51678 0.07687 0.10204
0 0.31266 0.46527 0.06328 0.09789
0 0.27151 0.22377 0.06447 0.05796
0 0.51972 0.21388 0.04906 0.06015
0 0.64053 0.16176 0.04749 0.05735
0 0.26544 0.32323 0.05638 0.08552
0 0.35856 0.27668 0.06496 0.05996
0 0.61548 0.11034 0.04843 0.04569
0 0.22136 0.40472 0.07543 0.07049
0 0.35876 0.11586 0.05145 0.04429
0 0.63631 0.31442 0.05655 0.07637
0 0.15751 0.97072 0.11422 0.05509
0 0.46125 0.14984 0.05176 0.05099
0 0.35342 0.19187 0.04851 0.06295
0 0.65970 0.27560 0.05560 0.06655
0 0.50780 0.03458 0.04400 0.06711
0 0.46631 0.08471 0.04170 0.04551
0 0.40707 0.05766 0.04333 0.04515
0 0.67066 0.01537 0.05778 0.03053
0 0.43601 0.01898 0.03722 0.03781
