0  0.21665  0.81427  0.09692999999999996  0.13310999999999995
0  0.88161  0.7945  0.08714  0.13495999999999997
0  0.72635  0.39241  0.07233999999999996  0.07428000000000001
0  0.4509999999999999  0.47477  0.07720000000000005  0.09061000000000002
0  0.46187  0.8589100000000001  0.10189000000000004  0.15197000000000005
0  0.31407999999999997  0.43499  0.06374000000000002  0.08909
0  0.36292  0.34183  0.06369000000000002  0.07913000000000003
0  0.6194999999999999  0.45472  0.05736000000000008  0.09448999999999996
0  0.49002  0.56672  0.07681999999999989  0.11160999999999999
0  0.27042000000000005  0.24791  0.04379999999999995  0.06892999999999999
0  0.3104700000000001  0.58088  0.08280999999999994  0.10780999999999996
0  0.35503999999999997  0.74485  0.09875  0.11909000000000003
0  0.77719  0.49869  0.08531999999999995  0.09240999999999999
0  0.67811  0.79533  0.08655999999999997  0.13878999999999997
0  0.74432  0.6749799999999999  0.09777999999999998  0.10836999999999997
0  0.64173  0.30633  0.05335000000000001  0.07651999999999998
0  0.47452999999999995  0.22986  0.052139999999999964  0.06301999999999999
0  0.66011  0.57386  0.08804999999999996  0.09708000000000006
0  0.56511  0.2459  0.04915000000000003  0.06167
0  0.72243  0.26391  0.06411999999999995  0.05754000000000001
0  0.68769  0.12821  0.05630000000000002  0.04918
0  0.89325  0.96151  0.09936000000000011  0.07386000000000004
0  0.3096  0.9646000000000001  0.07952000000000004  0.06784000000000001
0  0.47057999999999994  0.11957000000000001  0.04242000000000001  0.05118000000000002
0  0.3645399999999999  0.07942  0.04188000000000003  0.048830000000000005
0  0.6884199999999999  0.20179  0.04788999999999999  0.06553999999999999
0  0.60961  0.16846  0.055989999999999984  0.049449999999999994
0  0.52321  0.06961  0.045680000000000054  0.04326000000000001
0  0.3867399999999999  0.03893  0.04313  0.039540000000000006
0  0.61696  0.10259  0.04298999999999997  0.053309999999999996
0  0.36878999999999995  0.19558999999999999  0.04737999999999998  0.06312999999999999
0  0.6153200000000001  0.04306  0.04623999999999995  0.03827
0  0.34785999999999995  0.16703  0.04662999999999995  0.055019999999999986
0  0.52007  0.01871  0.03727999999999998  0.037
