0  0.25869  0.32615000000000005  0.04796  0.07749
0  0.30010999999999993  0.74454  0.09499000000000002  0.12819000000000003
0  0.8266  0.63419  0.09648000000000012  0.10865000000000002
0  0.698  0.73166  0.10087000000000002  0.11611000000000005
0  0.50493  0.7252800000000001  0.08803000000000005  0.13309000000000004
0  0.79971  0.8615600000000001  0.11578  0.13204000000000005
0  0.48233000000000004  0.30417  0.057520000000000016  0.07106000000000001
0  0.76501  0.50052  0.08106999999999998  0.08583999999999997
0  0.45913000000000004  0.60701  0.08760999999999997  0.10751
0  0.35990999999999995  0.44061000000000006  0.07091000000000003  0.09125
0  0.35097  0.9419600000000001  0.11492999999999998  0.11180000000000001
0  0.30511999999999995  0.55663  0.07228999999999997  0.10499000000000003
0  0.5817  0.32312  0.054119999999999946  0.06991999999999998
0  0.64821  0.5798999999999999  0.06477999999999995  0.11209999999999998
0  0.75449  0.34372  0.07050000000000001  0.06485999999999997
0  0.71131  0.18322  0.06079000000000012  0.05385000000000001
0  0.66787  0.39610999999999996  0.05944000000000005  0.08746999999999999
0  0.47639000000000004  0.17491  0.04620999999999997  0.05571000000000001
0  0.71471  0.2718  0.052200000000000024  0.07730000000000001
0  0.36182999999999993  0.12833  0.044930000000000025  0.053699999999999984
0  0.6280399999999999  0.2309  0.06106999999999996  0.054660000000000014
0  0.7278899999999999  0.96855  0.09162999999999999  0.05947000000000002
0  0.36634999999999995  0.26413  0.052019999999999955  0.07038
0  0.63408  0.1544  0.04612000000000005  0.05789
0  0.63032  0.08573999999999998  0.049310000000000076  0.04146999999999999
0  0.3857399999999999  0.08179  0.045640000000000014  0.04282
0  0.53243  0.11682  0.04913000000000001  0.04744000000000001
0  0.19081000000000004  0.98271  0.08450000000000002  0.03161000000000003
0  0.34398  0.22999000000000003  0.051529999999999965  0.06126000000000001
0  0.5282399999999999  0.057339999999999995  0.03988999999999998  0.04265999999999999
0  0.48835999999999996  0.02186  0.041569999999999996  0.04291
0  0.585  0.03275  0.04137000000000002  0.0417
0  0.9577199999999999  0.96685  0.08362999999999998  0.06325999999999998
