0 0.74809 0.36418 0.05048 0.08335
0 0.70605 0.83058 0.10133 0.14064
0 0.28266 0.81587 0.10766 0.12669
0 0.14879 0.70541 0.10292 0.11659
0 0.48832 0.80930 0.09413 0.14542
0 0.51437 0.34059 0.06055 0.07533
0 0.53733 0.67603 0.09248 0.11685
0 0.70049 0.62000 0.07671 0.11351
0 0.31952 0.44139 0.06198 0.09429
0 0.17214 0.94400 0.12388 0.10766
0 0.41031 0.36139 0.05664 0.07448
0 0.33758 0.64542 0.06897 0.12261
0 0.21549 0.55650 0.08574 0.09283
0 0.64239 0.49039 0.07494 0.09854
0 0.52097 0.20081 0.04827 0.05888
0 0.27762 0.20985 0.06343 0.05596
0 0.63987 0.15068 0.04615 0.05535
0 0.36323 0.26075 0.06298 0.05827
0 0.27236 0.30551 0.05502 0.08304
0 0.63542 0.29687 0.05472 0.07427
0 0.22988 0.38344 0.07419 0.06829
0 0.61516 0.10088 0.04810 0.04423
0 0.35778 0.17882 0.04744 0.06153
0 0.36266 0.10539 0.05087 0.04329
0 0.46361 0.13879 0.05061 0.05012
0 0.65876 0.26033 0.05402 0.06474
0 0.40980 0.04936 0.04256 0.04414
0 0.50911 0.03029 0.04333 0.05947
0 0.46841 0.07549 0.04107 0.04489
