0 0.77109 0.71600 0.08960 0.11988
0 0.54338 0.75330 0.09400 0.13627
0 0.14969 0.87694 0.09825 0.13483
0 0.15265 0.70000 0.08067 0.12176
0 0.68164 0.38245 0.06019 0.08178
0 0.68611 0.90007 0.08498 0.17535
0 0.34231 0.69873 0.08021 0.12517
0 0.72380 0.21377 0.04158 0.06424
0 0.64285 0.65566 0.09138 0.10773
0 0.39301 0.39988 0.05394 0.08632
0 0.24462 0.43961 0.07945 0.08539
0 0.29101 0.34452 0.06880 0.06908
0 0.68435 0.51209 0.07758 0.09920
0 0.27720 0.59421 0.09447 0.09835
0 0.51593 0.49871 0.07206 0.10185
0 0.63536 0.29930 0.06011 0.07343
0 0.37055 0.26715 0.05029 0.07152
0 0.52880 0.19691 0.04968 0.05868
0 0.35635 0.50534 0.08309 0.08809
0 0.55225 0.41750 0.07318 0.08326
0 0.44255 0.21180 0.04687 0.05772
0 0.32349 0.10377 0.05423 0.04710
0 0.29251 0.22841 0.06095 0.05430
0 0.01696 0.77238 0.03374 0.11071
0 0.53221 0.09543 0.04116 0.04901
0 0.63434 0.05800 0.04051 0.04642
0 0.32382 0.17095 0.04540 0.06121
0 0.39919 0.14108 0.05390 0.04739
0 0.48108 0.04884 0.04391 0.04131
0 0.63016 0.16565 0.04565 0.06041
0 0.39193 0.02441 0.04459 0.03606
0 0.39123 0.08011 0.04125 0.05082
0 0.65040 0.13971 0.04432 0.05213
0 0.61286 0.02066 0.04187 0.03831
