0 0.20188 0.71424 0.08792 0.11324
0 0.67775 0.73101 0.07501 0.14560
0 0.27506 0.35835 0.07214 0.07630
0 0.75436 0.58526 0.07970 0.10224
0 0.19916 0.57279 0.07211 0.10446
0 0.55103 0.61383 0.08372 0.11647
0 0.04797 0.87558 0.09313 0.14637
0 0.37891 0.41279 0.07543 0.07764
0 0.04982 0.62798 0.08656 0.11078
0 0.63338 0.23968 0.05551 0.06595
0 0.52465 0.40663 0.06520 0.08984
0 0.67574 0.31041 0.05536 0.07279
0 0.71603 0.16648 0.03905 0.06006
0 0.55714 0.33932 0.06711 0.07346
0 0.37010 0.56982 0.07075 0.10820
0 0.63965 0.53574 0.08206 0.09270
0 0.30874 0.48612 0.08533 0.08577
0 0.41082 0.32487 0.04875 0.07606
0 0.31580 0.27799 0.06303 0.06210
0 0.38740 0.21163 0.04713 0.06539
0 0.45382 0.16408 0.04337 0.05310
0 0.53435 0.15100 0.04627 0.05381
0 0.33980 0.06839 0.05058 0.04324
0 0.67756 0.41840 0.06975 0.08697
0 0.31373 0.17794 0.05695 0.04985
0 0.53668 0.06157 0.03865 0.04391
0 0.41184 0.10145 0.05035 0.04317
0 0.71288 0.97933 0.06351 0.03818
0 0.40333 0.04657 0.03933 0.04727
0 0.34198 0.12719 0.04245 0.05375
0 0.62856 0.12329 0.04224 0.05540
0 0.48776 0.02003 0.04176 0.03712
0 0.63257 0.02792 0.03809 0.04301
