0 0.78680 0.84507 0.09970 0.13850
0 0.53598 0.89217 0.10434 0.15698
0 0.26798 0.40703 0.07364 0.07525
0 0.10741 0.82399 0.08926 0.13879
0 0.54760 0.49230 0.07859 0.09277
0 0.68722 0.45158 0.06508 0.09125
0 0.73106 0.25890 0.04411 0.06991
0 0.64533 0.77339 0.10136 0.12289
0 0.31519 0.82561 0.08891 0.14319
0 0.69068 0.60292 0.08444 0.11076
0 0.50770 0.58793 0.07823 0.11448
0 0.63722 0.35535 0.06495 0.08099
0 0.37611 0.47140 0.05794 0.09625
0 0.24675 0.69969 0.10263 0.11199
0 0.52407 0.23991 0.05276 0.06356
0 0.35472 0.31874 0.05394 0.07826
0 0.21597 0.51725 0.08685 0.09453
0 0.33439 0.59512 0.09034 0.09931
0 0.43256 0.25646 0.04997 0.06265
0 0.27311 0.27501 0.06503 0.05825
0 0.30876 0.13617 0.05731 0.05014
0 0.52851 0.12728 0.04299 0.05167
0 0.30776 0.21190 0.04830 0.06819
0 0.63577 0.08621 0.04223 0.04899
0 0.38763 0.17713 0.05729 0.05016
0 0.61337 0.04465 0.04318 0.03993
0 0.63139 0.20522 0.04806 0.06364
0 0.38226 0.04893 0.04699 0.03886
0 0.08788 0.97978 0.07925 0.03768
0 0.38030 0.10970 0.04308 0.05440
0 0.47530 0.07622 0.04592 0.04343
0 0.47851 0.02329 0.03745 0.03966
0 0.65231 0.17550 0.04767 0.05557
