0 0.77252 0.73034 0.09076 0.12186
0 0.54246 0.76845 0.09490 0.13868
0 0.14357 0.89490 0.09951 0.13731
0 0.68196 0.39054 0.06075 0.08338
0 0.14736 0.71350 0.08143 0.12358
0 0.63515 0.30558 0.06071 0.07462
0 0.55145 0.42630 0.07375 0.08472
0 0.72437 0.21907 0.04202 0.06533
0 0.68656 0.91374 0.08614 0.16816
0 0.64271 0.66854 0.09258 0.10913
0 0.33895 0.71269 0.08083 0.12756
0 0.28822 0.35206 0.06906 0.06988
0 0.51472 0.50915 0.07284 0.10326
0 0.68469 0.52236 0.07811 0.09991
0 0.27329 0.60598 0.09556 0.10006
0 0.24094 0.44850 0.07975 0.08652
0 0.36837 0.27311 0.05094 0.07201
0 0.52810 0.20225 0.05035 0.05960
0 0.35323 0.51573 0.08411 0.08998
0 0.44117 0.21722 0.04708 0.05839
0 0.39077 0.40784 0.05431 0.08720
0 0.32139 0.10801 0.05423 0.04731
0 0.53160 0.09917 0.04142 0.05024
0 0.28991 0.23415 0.06152 0.05455
0 0.32169 0.17648 0.04612 0.06122
0 0.63411 0.06172 0.04011 0.04660
0 0.39754 0.14539 0.05434 0.04820
0 0.47995 0.05246 0.04417 0.04219
0 0.63001 0.17074 0.04588 0.06027
0 0.61266 0.02351 0.04180 0.03851
0 0.38975 0.08354 0.04159 0.05132
0 0.39068 0.02731 0.04496 0.03677
0 0.01350 0.79051 0.02683 0.09735
0 0.65026 0.14425 0.04452 0.05243
