0 0.78335 0.81427 0.09693 0.13311
0 0.11839 0.79450 0.08714 0.13496
0 0.27365 0.39241 0.07234 0.07428
0 0.54900 0.47477 0.07720 0.09061
0 0.53813 0.85891 0.10189 0.15197
0 0.68592 0.43499 0.06374 0.08909
0 0.63708 0.34183 0.06369 0.07913
0 0.38050 0.45472 0.05736 0.09449
0 0.50998 0.56672 0.07682 0.11161
0 0.72958 0.24791 0.04380 0.06893
0 0.68953 0.58088 0.08281 0.10781
0 0.64496 0.74485 0.09875 0.11909
0 0.22281 0.49869 0.08532 0.09241
0 0.32189 0.79533 0.08656 0.13879
0 0.25568 0.67498 0.09778 0.10837
0 0.35827 0.30633 0.05335 0.07652
0 0.52547 0.22986 0.05214 0.06302
0 0.33989 0.57386 0.08805 0.09708
0 0.43489 0.24590 0.04915 0.06167
0 0.27757 0.26391 0.06412 0.05754
0 0.31231 0.12821 0.05630 0.04918
0 0.10675 0.96151 0.09936 0.07386
0 0.69040 0.96460 0.07952 0.06784
0 0.52942 0.11957 0.04242 0.05118
0 0.63546 0.07942 0.04188 0.04883
0 0.31158 0.20179 0.04789 0.06554
0 0.39039 0.16846 0.05599 0.04945
0 0.47679 0.06961 0.04568 0.04326
0 0.61326 0.03893 0.04313 0.03954
0 0.38304 0.10259 0.04299 0.05331
0 0.63121 0.19559 0.04738 0.06313
0 0.38468 0.04306 0.04624 0.03827
0 0.65214 0.16703 0.04663 0.05502
0 0.47993 0.01871 0.03728 0.03700
