0 0.22261 0.65045 0.08404 0.10598
0 0.07857 0.79564 0.08797 0.13473
0 0.74753 0.53316 0.07572 0.09545
0 0.55392 0.55814 0.07967 0.10819
0 0.07558 0.57198 0.08245 0.10386
0 0.32184 0.44200 0.08153 0.08083
0 0.28837 0.32451 0.06990 0.07269
0 0.67492 0.38021 0.06718 0.08224
0 0.67445 0.66415 0.07083 0.13415
0 0.38830 0.37481 0.07242 0.07242
0 0.70967 0.93291 0.09111 0.13045
0 0.21788 0.52142 0.06851 0.09826
0 0.38154 0.51821 0.06783 0.10102
0 0.67321 0.28054 0.05299 0.06949
0 0.63261 0.21430 0.05353 0.06388
0 0.71291 0.14579 0.03733 0.05723
0 0.63833 0.48770 0.07795 0.08671
0 0.55921 0.30703 0.06408 0.07016
0 0.26914 0.95268 0.08687 0.09119
0 0.52831 0.36910 0.06227 0.08424
0 0.32619 0.25009 0.06089 0.05919
0 0.06182 0.96901 0.11202 0.05911
0 0.41797 0.29364 0.04677 0.07143
0 0.39509 0.18777 0.04485 0.06223
0 0.45860 0.14318 0.04251 0.05141
0 0.53668 0.13058 0.04513 0.05194
0 0.32318 0.15648 0.05506 0.04810
0 0.34696 0.05269 0.04996 0.04153
0 0.53848 0.04645 0.03740 0.04226
0 0.34970 0.10825 0.04112 0.05236
0 0.41753 0.08395 0.04874 0.04345
0 0.63210 0.01807 0.03731 0.03607
0 0.40877 0.03227 0.03826 0.04568
