0 0.54129 0.79721 0.09745 0.14222
0 0.77630 0.75713 0.09277 0.12584
0 0.13808 0.73977 0.08362 0.12740
0 0.68334 0.40443 0.06175 0.08546
0 0.33385 0.73920 0.08306 0.13125
0 0.64366 0.69320 0.09458 0.11247
0 0.63598 0.31700 0.06201 0.07571
0 0.68639 0.54084 0.07994 0.10249
0 0.23523 0.46455 0.08180 0.08895
0 0.28356 0.36483 0.07038 0.07144
0 0.38756 0.42302 0.05558 0.08994
0 0.51348 0.52745 0.07424 0.10606
0 0.72622 0.22799 0.04235 0.06668
0 0.68846 0.93009 0.08889 0.13573
0 0.13304 0.92735 0.10142 0.13939
0 0.26709 0.62855 0.09748 0.10324
0 0.36506 0.28387 0.05189 0.07370
0 0.34913 0.53460 0.08589 0.09170
0 0.55097 0.44153 0.07452 0.08670
0 0.52735 0.21037 0.05073 0.06053
0 0.43929 0.22614 0.04797 0.05962
0 0.28608 0.24351 0.06228 0.05555
0 0.31876 0.11433 0.05505 0.04783
0 0.53082 0.10551 0.04177 0.05013
0 0.31856 0.18385 0.04630 0.06269
0 0.63475 0.06705 0.04089 0.04697
0 0.47912 0.05763 0.04495 0.04217
0 0.39551 0.15242 0.05470 0.04762
0 0.61292 0.02782 0.04245 0.03874
0 0.38742 0.08938 0.04150 0.05183
0 0.38879 0.03190 0.04564 0.03713
0 0.63068 0.17793 0.04689 0.06202
0 0.65111 0.15085 0.04450 0.05310
