0 0.74653 0.52336 0.07459 0.09448
0 0.08493 0.78121 0.08619 0.13325
0 0.70897 0.92448 0.08980 0.14702
0 0.08097 0.56215 0.08100 0.10239
0 0.55482 0.54846 0.07893 0.10691
0 0.67422 0.65206 0.06987 0.13274
0 0.22652 0.63881 0.08345 0.10429
0 0.22161 0.51229 0.06797 0.09734
0 0.67482 0.37343 0.06655 0.08137
0 0.27391 0.94396 0.08677 0.10874
0 0.29078 0.31823 0.06944 0.07145
0 0.32433 0.43405 0.08045 0.07978
0 0.39038 0.36791 0.07206 0.07207
0 0.38378 0.50901 0.06704 0.10025
0 0.71264 0.14234 0.03730 0.05699
0 0.07177 0.96002 0.11699 0.07682
0 0.63833 0.47887 0.07743 0.08537
0 0.67309 0.27500 0.05248 0.06875
0 0.63255 0.20991 0.05269 0.06325
0 0.52930 0.36210 0.06186 0.08400
0 0.55973 0.30147 0.06379 0.06954
0 0.41968 0.28792 0.04614 0.07080
0 0.39630 0.18372 0.04465 0.06094
0 0.45978 0.13960 0.04180 0.05086
0 0.53713 0.12728 0.04478 0.05134
0 0.32512 0.15274 0.05482 0.04746
0 0.34855 0.04999 0.04967 0.04162
0 0.53903 0.04387 0.03702 0.04206
0 0.32840 0.24545 0.06046 0.05889
0 0.63222 0.01678 0.03708 0.03348
0 0.35145 0.10486 0.04054 0.05102
0 0.41879 0.08071 0.04900 0.04137
0 0.41017 0.02954 0.03803 0.04438
