0 0.74902 0.37030 0.05127 0.08444
0 0.70699 0.84601 0.10256 0.14209
0 0.31689 0.44883 0.06275 0.09551
0 0.14323 0.71806 0.10255 0.11768
0 0.51358 0.34630 0.06075 0.07563
0 0.70118 0.63062 0.07765 0.11458
0 0.48654 0.82391 0.09476 0.14906
0 0.27925 0.83101 0.10836 0.12799
0 0.21202 0.56644 0.08646 0.09361
0 0.22701 0.39015 0.07445 0.06926
0 0.53652 0.68758 0.09350 0.11830
0 0.64252 0.49887 0.07545 0.09948
0 0.40859 0.36772 0.05715 0.07513
0 0.33474 0.65693 0.06952 0.12395
0 0.16647 0.95243 0.12527 0.09087
0 0.27551 0.21393 0.06332 0.05734
0 0.52038 0.20466 0.04860 0.05943
0 0.36140 0.26582 0.06414 0.05840
0 0.63998 0.15376 0.04643 0.05597
0 0.26996 0.31086 0.05544 0.08399
0 0.35624 0.18264 0.04782 0.06203
0 0.61516 0.10356 0.04840 0.04496
0 0.36117 0.10861 0.05152 0.04378
0 0.63553 0.30202 0.05551 0.07586
0 0.46257 0.14205 0.05135 0.05058
0 0.65875 0.26524 0.05446 0.06553
0 0.46767 0.07814 0.04129 0.04482
0 0.50856 0.03146 0.04337 0.06224
0 0.40886 0.05189 0.04283 0.04399
0 0.43737 0.01633 0.03715 0.03271
