0  0.8453200000000001  0.861  0.09734999999999994  0.13322999999999996
0  0.45582999999999996  0.73985  0.09306999999999999  0.13446000000000002
0  0.23053  0.7034200000000002  0.08874000000000004  0.11865000000000003
0  0.84291  0.6873200000000002  0.07968000000000008  0.12
0  0.31887  0.37602  0.059620000000000006  0.08159
0  0.31471  0.8836900000000001  0.08384000000000003  0.17186
0  0.4472199999999999  0.40998  0.07245000000000001  0.08156999999999998
0  0.35763999999999996  0.64414  0.0907  0.10590999999999995
0  0.65507  0.6861999999999999  0.07926  0.12361999999999995
0  0.2767899999999999  0.20947  0.04127000000000003  0.06425
0  0.71978  0.58374  0.09359000000000006  0.09718000000000004
0  0.3649200000000001  0.29385  0.05962999999999996  0.07308999999999999
0  0.75233  0.43187  0.07926999999999995  0.08509
0  0.70673  0.33785  0.06823000000000001  0.06847000000000003
0  0.6053499999999999  0.39266999999999996  0.05325000000000002  0.08546999999999999
0  0.62788  0.26186  0.04977000000000009  0.07085000000000002
0  0.31633999999999995  0.50356  0.07679999999999998  0.09760999999999997
0  0.47059  0.19286  0.0494  0.058219999999999994
0  0.64166  0.49624  0.08289000000000013  0.08675999999999995
0  0.5562400000000001  0.20713000000000004  0.04644000000000004  0.05732000000000001
0  0.67499  0.10041  0.05390000000000006  0.046119999999999994
0  0.98029  0.75641  0.0391999999999999  0.11578
0  0.46726000000000006  0.09239  0.041159999999999974  0.0495
0  0.7056600000000001  0.22335  0.060429999999999984  0.05391000000000001
0  0.36569  0.05550999999999999  0.04057999999999995  0.04592999999999999
0  0.67441  0.16681  0.045070000000000054  0.05967
0  0.59968  0.13685  0.05295000000000005  0.04670999999999999
0  0.51825  0.04641  0.04376000000000002  0.041010000000000005
0  0.60713  0.0216  0.04474  0.03613000000000001
0  0.60775  0.0764  0.04144999999999999  0.05025000000000001
0  0.38722999999999996  0.01879  0.041549999999999976  0.036739999999999995
0  0.36994000000000005  0.16213  0.04515000000000002  0.05989
0  0.3501600000000001  0.13611  0.04420999999999997  0.052059999999999995
0  0.48295  0.48972  0.07115999999999989  0.10033999999999998
