0  0.25334  0.35818  0.05023  0.08233999999999997
0  0.71421  0.80122  0.10619999999999996  0.12456
0  0.29500000000000004  0.81604  0.10070000000000001  0.13817999999999997
0  0.84775  0.6931100000000001  0.10126999999999997  0.11523000000000005
0  0.48522000000000004  0.33412  0.059880000000000044  0.07393
0  0.82318  0.93588  0.12213999999999992  0.12363000000000002
0  0.30051000000000005  0.60934  0.07621999999999995  0.11199000000000003
0  0.5887399999999999  0.3548  0.05608999999999997  0.07291999999999998
0  0.67886  0.43324000000000007  0.06162000000000001  0.09298000000000001
0  0.46213000000000004  0.66394  0.09170999999999996  0.11514999999999997
0  0.7812300000000001  0.54677  0.08499000000000001  0.09184000000000003
0  0.35831  0.48231  0.07428999999999997  0.09731000000000001
0  0.7676499999999999  0.37671999999999994  0.07328999999999997  0.06822
0  0.66018  0.63419  0.06816  0.12036000000000002
0  0.51105  0.79489  0.09282000000000001  0.14366999999999996
0  0.47866  0.19618  0.04797000000000007  0.058240000000000014
0  0.7205699999999999  0.20497  0.06280000000000008  0.056400000000000006
0  0.36062999999999995  0.14681  0.04625000000000001  0.05523
0  0.72551  0.2996  0.0545500000000001  0.08217999999999998
0  0.6351899999999999  0.25571  0.06303999999999998  0.05770000000000003
0  0.36494000000000004  0.2914  0.05432999999999999  0.07435999999999998
0  0.63629  0.10188  0.05046000000000006  0.04326000000000001
0  0.38495999999999997  0.09724  0.047209999999999974  0.04284
0  0.64103  0.17449000000000003  0.047070000000000056  0.06076000000000001
0  0.5359  0.13508  0.05021999999999993  0.049829999999999985
0  0.5893700000000001  0.04624  0.04245999999999994  0.043539999999999995
0  0.53122  0.07232  0.04097000000000006  0.044719999999999996
0  0.49078  0.0288  0.042990000000000084  0.05600000000000001
0  0.34186000000000005  0.25567  0.053649999999999975  0.06389
