0  0.78835  0.6843000000000001  0.08594999999999997  0.10936000000000001
0  0.32349  0.6997  0.07283000000000006  0.14027
0  0.44743  0.58779  0.08184999999999998  0.11234
0  0.2483100000000001  0.5607499999999999  0.07804  0.09870999999999996
0  0.79199  0.54887  0.07062000000000002  0.10111000000000003
0  0.9375899999999999  0.83874  0.09080999999999995  0.14088
0  0.71888  0.34268  0.07064000000000004  0.07491000000000003
0  0.93798  0.6022699999999999  0.08487999999999996  0.10670999999999997
0  0.32323999999999997  0.40074  0.06847000000000003  0.08422000000000002
0  0.61636  0.3955000000000001  0.07417000000000007  0.07478000000000001
0  0.62433  0.54571  0.06976000000000004  0.10454999999999998
0  0.36668000000000006  0.22796  0.05440999999999996  0.06481999999999999
0  0.28508999999999995  0.15697  0.038410000000000055  0.058010000000000006
0  0.32498999999999995  0.29652  0.05449000000000004  0.07153999999999999
0  0.3608  0.51316  0.08045999999999998  0.08969000000000005
0  0.28576  0.95793  0.08816000000000002  0.08106999999999998
0  0.44162999999999997  0.3246  0.06547999999999998  0.07245000000000001
0  0.47339  0.38906  0.06380000000000008  0.08760000000000001
0  0.6792400000000001  0.26562  0.06232000000000004  0.060740000000000016
0  0.5855600000000001  0.31023  0.04813999999999996  0.07391999999999999
0  0.60896  0.20092  0.045970000000000066  0.06408
0  0.46430999999999994  0.14136  0.04520000000000002  0.05234
0  0.54386  0.15452  0.04249999999999998  0.05188000000000001
0  0.74649  0.97869  0.06648999999999994  0.03947999999999996
0  0.68155  0.16808  0.05600999999999989  0.04883000000000001
0  0.6565599999999999  0.060930000000000005  0.05045999999999995  0.04268000000000001
0  0.46221999999999996  0.05434  0.03825999999999996  0.04349999999999999
0  0.6848099999999999  0.46564  0.08372000000000002  0.08294999999999997
0  0.5941799999999999  0.03971  0.038449999999999984  0.046549999999999994
0  0.5853999999999999  0.09318  0.05016999999999994  0.04272000000000001
0  0.65408  0.11868  0.04145999999999994  0.052820000000000006
0  0.36755999999999994  0.022130000000000004  0.03791  0.04214
0  0.5106200000000001  0.01607  0.04118999999999995  0.03184000000000001
