0 0.05741 0.85078 0.09151 0.14244
0 0.67679 0.71022 0.07349 0.14150
0 0.20835 0.69455 0.08675 0.11054
0 0.75270 0.56947 0.07872 0.09982
0 0.67711 0.40646 0.06915 0.08602
0 0.27929 0.34776 0.07131 0.07521
0 0.55195 0.59682 0.08269 0.11364
0 0.05794 0.61048 0.08503 0.10857
0 0.20480 0.55673 0.07108 0.10262
0 0.38180 0.40108 0.07478 0.07540
0 0.63337 0.23187 0.05453 0.06593
0 0.52599 0.39495 0.06449 0.08848
0 0.71537 0.16015 0.03826 0.05905
0 0.55793 0.32926 0.06591 0.07179
0 0.63920 0.52090 0.08113 0.09039
0 0.37361 0.55410 0.06997 0.10619
0 0.67521 0.30117 0.05457 0.07199
0 0.31887 0.26954 0.06297 0.06164
0 0.41327 0.31530 0.04869 0.07447
0 0.38975 0.20427 0.04634 0.06433
0 0.53515 0.14463 0.04553 0.05339
0 0.45525 0.15736 0.04320 0.05241
0 0.71481 0.96496 0.08374 0.06687
0 0.53739 0.05696 0.03839 0.04345
0 0.34212 0.06322 0.05040 0.04255
0 0.31296 0.47220 0.08410 0.08450
0 0.31679 0.17145 0.05621 0.04904
0 0.34419 0.12159 0.04195 0.05333
0 0.41368 0.09596 0.05003 0.04293
0 0.40507 0.04248 0.03873 0.04675
0 0.48892 0.01722 0.04148 0.03401
0 0.63240 0.02388 0.03813 0.04390
