0 0.73949 0.31277 0.04735 0.07679
0 0.18247 0.60982 0.09468 0.10568
0 0.69811 0.71495 0.09268 0.12449
0 0.30861 0.70370 0.09906 0.11264
0 0.20994 0.82778 0.11311 0.12652
0 0.64831 0.92024 0.11237 0.14059
0 0.49778 0.69687 0.08625 0.13001
0 0.51917 0.29107 0.05707 0.06906
0 0.33684 0.38032 0.05851 0.08601
0 0.63975 0.42347 0.06986 0.08989
0 0.54259 0.58322 0.08540 0.10452
0 0.24184 0.48133 0.07945 0.08430
0 0.42123 0.30938 0.05363 0.06836
0 0.69373 0.53538 0.07102 0.10228
0 0.25139 0.32943 0.06953 0.06323
0 0.05226 0.94740 0.10099 0.10166
0 0.80478 0.96288 0.10071 0.07107
0 0.35707 0.55740 0.06332 0.10933
0 0.29298 0.17365 0.06030 0.05311
0 0.28287 0.94854 0.09781 0.09918
0 0.52474 0.16485 0.04548 0.05536
0 0.29009 0.25991 0.05205 0.07613
0 0.37538 0.21955 0.06007 0.05408
0 0.63787 0.11982 0.04459 0.05302
0 0.37227 0.07821 0.04883 0.04092
0 0.36915 0.14514 0.04557 0.05767
0 0.63335 0.25256 0.05137 0.06878
0 0.61428 0.07431 0.04538 0.04252
0 0.46921 0.10878 0.04862 0.04768
0 0.65568 0.21921 0.05080 0.05996
0 0.47339 0.05046 0.03892 0.04228
0 0.41677 0.02676 0.04138 0.04059
0 0.51282 0.01842 0.04077 0.03664
