0 0.74913 0.54245 0.07672 0.09721
0 0.55374 0.56791 0.08016 0.11023
0 0.67570 0.38702 0.06775 0.08352
0 0.67530 0.67565 0.07136 0.13612
0 0.21929 0.66133 0.08468 0.10722
0 0.28566 0.33047 0.06953 0.07343
0 0.31958 0.44940 0.08210 0.08230
0 0.07345 0.80974 0.08852 0.13702
0 0.07121 0.58193 0.08325 0.10488
0 0.21475 0.53049 0.06929 0.09948
0 0.38686 0.38131 0.07305 0.07342
0 0.37981 0.52718 0.06845 0.10223
0 0.63294 0.21887 0.05355 0.06351
0 0.71090 0.94076 0.09201 0.11488
0 0.67375 0.28587 0.05342 0.06976
0 0.63890 0.49560 0.07878 0.08768
0 0.55894 0.31301 0.06453 0.07042
0 0.52790 0.37544 0.06270 0.08555
0 0.71360 0.14950 0.03806 0.05761
0 0.26399 0.96090 0.08401 0.07483
0 0.41708 0.29906 0.04725 0.07261
0 0.32441 0.25540 0.06171 0.05986
0 0.45794 0.14691 0.04250 0.05154
0 0.39373 0.19221 0.04505 0.06228
0 0.53632 0.13445 0.04504 0.05210
0 0.05308 0.97772 0.10173 0.04151
0 0.34574 0.05585 0.04979 0.04188
0 0.53843 0.04922 0.03759 0.04319
0 0.32165 0.16057 0.05506 0.04830
0 0.34851 0.11226 0.04128 0.05229
0 0.63232 0.01923 0.03734 0.03803
0 0.41667 0.08727 0.04893 0.04196
0 0.40785 0.03483 0.03825 0.04597
0 0.49038 0.01375 0.04082 0.02740
