0  0.25087  0.54245  0.07672000000000001  0.09721000000000002
0  0.44626  0.5679099999999999  0.08016000000000001  0.11022999999999994
0  0.32430000000000003  0.3870199999999999  0.06774999999999998  0.08351999999999998
0  0.32470000000000004  0.67565  0.07135999999999998  0.13612000000000002
0  0.78071  0.66133  0.08468000000000009  0.10721999999999998
0  0.71434  0.33047  0.06952999999999987  0.07343
0  0.68042  0.4494  0.08210000000000006  0.08229999999999998
0  0.92655  0.8097400000000001  0.08851999999999993  0.13702000000000003
0  0.92879  0.5819299999999998  0.08325000000000005  0.10487999999999997
0  0.78525  0.53049  0.06929000000000007  0.09948000000000001
0  0.61314  0.3813099999999999  0.07304999999999995  0.07341999999999999
0  0.62019  0.52718  0.0684499999999999  0.10223000000000004
0  0.36706000000000005  0.21887  0.053549999999999986  0.06350999999999998
0  0.28909999999999997  0.94076  0.09201000000000004  0.11487999999999998
0  0.32625000000000004  0.28586999999999996  0.05342000000000002  0.06975999999999999
0  0.36110000000000003  0.49560000000000004  0.07877999999999996  0.08768000000000004
0  0.44106  0.31301  0.06452999999999998  0.07041999999999998
0  0.47209999999999996  0.37544  0.06269999999999998  0.08555000000000001
0  0.2864  0.1495  0.03805999999999998  0.057609999999999995
0  0.73601  0.9609  0.08401000000000003  0.07482999999999995
0  0.58292  0.29906  0.047250000000000014  0.07261000000000001
0  0.67559  0.25539999999999996  0.06170999999999993  0.05985999999999997
0  0.54206  0.14691  0.04249999999999998  0.05153999999999999
0  0.60627  0.19221  0.045050000000000034  0.06228
0  0.46368  0.13445  0.04503999999999997  0.052099999999999994
0  0.94692  0.9777200000000001  0.10172999999999999  0.04151000000000005
0  0.65426  0.05585  0.04979  0.04188
0  0.46157000000000004  0.04922  0.03759000000000001  0.043190000000000006
0  0.67835  0.16057  0.05506000000000011  0.04830000000000001
0  0.65149  0.11226  0.04127999999999998  0.05229
0  0.36767999999999995  0.01923  0.03734000000000004  0.03803
0  0.5833300000000001  0.08727  0.04893000000000003  0.04196
0  0.59215  0.03483  0.038250000000000006  0.04597
0  0.50962  0.013750000000000002  0.04081999999999997  0.0274
