0  0.45870999999999995  0.79721  0.09745000000000004  0.14222
0  0.2237  0.75713  0.09277000000000002  0.12583999999999995
0  0.86192  0.73977  0.08362000000000003  0.12740000000000007
0  0.31666000000000005  0.40443  0.06174999999999997  0.08545999999999998
0  0.66615  0.7391999999999999  0.08306000000000002  0.13124999999999998
0  0.35633999999999993  0.6932  0.09458  0.11246999999999996
0  0.36401999999999995  0.31699999999999995  0.06201000000000001  0.07571
0  0.31361  0.54084  0.07994000000000001  0.10248999999999997
0  0.76477  0.46455  0.08179999999999998  0.08895000000000003
0  0.71644  0.36483  0.07038  0.07144
0  0.6124399999999999  0.42302  0.055580000000000074  0.08994000000000002
0  0.4865199999999999  0.52745  0.07423999999999997  0.10606000000000004
0  0.2737800000000001  0.22799  0.04235  0.06668000000000002
0  0.31154  0.9300900000000001  0.08889000000000002  0.13573000000000002
0  0.86696  0.9273500000000001  0.10141999999999995  0.13939000000000001
0  0.73291  0.62855  0.09748000000000001  0.10324
0  0.63494  0.28387  0.05188999999999999  0.07369999999999999
0  0.6508700000000001  0.5346  0.08589000000000002  0.09169999999999995
0  0.44903  0.44153  0.07452000000000003  0.0867
0  0.47264999999999996  0.21037  0.05073000000000005  0.06053
0  0.5607099999999999  0.22614  0.04797000000000007  0.059620000000000006
0  0.71392  0.24351  0.06228000000000011  0.05554999999999999
0  0.6812400000000001  0.11433  0.05505000000000004  0.04783000000000001
0  0.4691800000000001  0.10550999999999999  0.041769999999999974  0.050129999999999994
0  0.68144  0.18385  0.04630000000000001  0.06269
0  0.36525  0.06705  0.04088999999999998  0.046970000000000005
0  0.52088  0.05763  0.044950000000000045  0.042170000000000006
0  0.60449  0.15242  0.05469999999999997  0.047619999999999996
0  0.38708000000000004  0.027819999999999998  0.04244999999999999  0.03874
0  0.61258  0.08937999999999999  0.04149999999999987  0.05183
0  0.61121  0.0319  0.045640000000000014  0.037129999999999996
0  0.36932000000000004  0.17792999999999998  0.04688999999999999  0.06201999999999999
0  0.34889000000000003  0.15085  0.044499999999999984  0.053099999999999994
