0  0.3617899999999999  0.40635999999999994  0.06842000000000004  0.08695999999999998
0  0.5003299999999999  0.66909  0.0839899999999999  0.12568000000000001
0  0.30487  0.68662  0.09014999999999995  0.12075999999999998
0  0.2633999999999999  0.29931  0.04639000000000004  0.07501999999999998
0  0.80999  0.5868  0.0920700000000001  0.10328999999999999
0  0.35311  0.8825000000000001  0.10943000000000003  0.13665000000000005
0  0.20086999999999994  0.94325  0.10570000000000002  0.10953999999999997
0  0.9342699999999999  0.92927  0.09792999999999996  0.13785000000000003
0  0.48024999999999995  0.27848  0.05620000000000003  0.06793000000000002
0  0.75231  0.46281000000000005  0.07832000000000006  0.08205000000000001
0  0.65927  0.36487  0.05724000000000007  0.08424999999999999
0  0.68544  0.6761599999999999  0.09682000000000002  0.10982999999999998
0  0.7802499999999999  0.79541  0.10887999999999998  0.12346999999999997
0  0.45675  0.56019  0.08362000000000003  0.10143000000000002
0  0.7101  0.93017  0.09687999999999997  0.13559999999999994
0  0.30883000000000005  0.51441  0.06930999999999998  0.09929000000000004
0  0.57668  0.29673  0.052240000000000064  0.06738
0  0.74397  0.31625000000000003  0.06828999999999996  0.06175000000000003
0  0.63886  0.53579  0.062349999999999905  0.10569999999999996
0  0.70353  0.16495  0.05932000000000004  0.05212
0  0.47518  0.15593  0.04500000000000004  0.05423
0  0.70634  0.24821  0.051019999999999954  0.07450000000000001
0  0.62233  0.20931  0.05918000000000001  0.053019999999999984
0  0.47618999999999995  0.96594  0.10155999999999998  0.06452000000000002
0  0.36332  0.11205000000000001  0.043749999999999956  0.05180000000000001
0  0.53002  0.10104000000000002  0.04796  0.04612000000000001
0  0.62885  0.13683  0.044689999999999896  0.056900000000000006
0  0.38675999999999994  0.06717  0.04473000000000005  0.04186999999999999
0  0.62588  0.07119  0.04831999999999992  0.04035
0  0.34593999999999997  0.20827  0.04968000000000006  0.05901000000000001
0  0.36772000000000005  0.24041  0.05069999999999997  0.06821999999999998
0  0.5262100000000001  0.04414  0.03873000000000004  0.041679999999999995
0  0.5821000000000001  0.02087  0.04061999999999999  0.040190000000000003
